379
337
344
350
366
371
374
383
394
394
346
362
368
376
384
393
396
402
406
417
419
432
433
441
438
440
444
425
462
471
466
466
469
469
473
478
476
479
481
490
494
491
458
488
496
491
498
499
497
502
491
496
499
504
495
501
500
465
495
502
505
507
502
506
511
510
507
505
511
511
510
503
507
469
511
512
514
511
511
516
510
516
516
514
516
509
516
518
471
507
515
521
517
513
519
518
516
514
520
516
512
512
515
506
487
510
516
512
506
513
516
513
507
509
506
508
509
514
509
472
503
519
513
520
508
515
519
513
512
515
518
514
525
513
513
485
513
507
510
504
513
505
512
517
510
509
510
510
518
509
471
508
517
505
508
510
507
507
509
514
512
517
524
524
509
499
500
510
511
512
506
515
513
505
514
513
503
512
505
509
509
479
506
508
508
511
514
507
512
516
507
518
517
510
511
508
509
496
514
515
513
508
512
509
509
512
509
515
509
512
516
519
477
509
510
515
523
517
511
522
513
514
512
517
513
506
505
463
497
508
513
510
512
516
510
513
507
510
509
513
506
511
509
483
517
519
517
511
514
510
513
517
510
510
510
501
506
507
471
504
525
515
515
509
512
517
510
512
511
510
509
508
507
507
482
514
518
510
506
511
509
515
513
514
514
513
508
510
510
484
512
514
516
508
518
508
507
507
518
510
510
505
515
504
503
487
507
510
511
518
506
512
511
513
505
512
511
507
511
507
474
508
506
512
507
513
512
509
514
511
511
516
518
510
511
474
496
515
516
513
513
512
510
514
515
512
511
515
513
509
509
479
506
506
511
512
510
507
508
506
515
508
514
510
506
506
468
496
504
509
507
510
503
515
508
509
508
515
514
504
506
513
484
507
506
506
512
512
510
506
507
513
515
510
511
512
512
471
497
510
514
509
508
516
512
510
504
512
513
515
514
512
515
487
523
519
506
505
509
510
511
506
510
515
518
506
509
509
474
497
517
514
508
521
514
514
508
508
513
509
510
511
510
507
489
513
514
510
510
522
519
511
507
507
514
506
513
519
506
473
509
514
506
514
519
511
511
511
514
523
513
512
513
511
501
500
514
516
513
517
515
513
520
514
506
516
512
510
512
513
482
505
516
510
515
511
510
517
518
508
511
514
513
510
506
474
507
516
511
514
511
512
506
512
505
506
505
511
498
509
513
478
510
507
518
508
512
508
510
513
518
510
513
506
506
506
468
498
517
520
518
507
507
514
509
509
510
518
510
512
509
506
480
512
511
516
508
510
513
516
514
509
516
507
505
506
506
470
507
507
511
508
512
518
512
510
516
515
507
512
510
519
514
493
516
514
513
515
521
521
513
510
514
511
513
517
513
506
473
505
513
516
514
514
511
516
514
517
516
515
513
514
505
478
492
506
511
509
507
511
513
508
509
506
503
511
506
502
494
473
507
511
515
505
507
513
502
510
515
514
514
511
514
511
463
498
514
512
505
513
513
514
509
517
511
515
512
512
509
510
482
522
517
517
514
510
512
510
510
517
514
524
513
513
509
494
492
506
512
506
511
513
505
506
501
505
507
520
519
519
522
489
502
510
508
509
513
516
516
509
508
508
510
515
509
505
468
496
503
514
514
521
515
513
500
507
509
519
520
520
512
505
486
513
523
523
514
513
523
514
512
509
512
521
513
516
507
472
509
511
509
509
507
509
505
510
511
513
512
517
511
516
486
496
509
505
510
508
513
523
506
509
506
508
510
507
515
503
462
506
502
510
512
517
512
508
504
515
512
513
515
515
509
459
502
518
517
515
513
507
514
514
515
513
522
510
507
508
508
480
508
514
508
505
505
510
512
517
515
515
506
506
514
515
476
513
510
514
517
509
510
512
519
509
502
497
504
506
515
510
484
503
506
511
514
512
519
514
506
500
504
512
514
509
506
473
503
507
505
512
513
513
510
507
506
511
520
514
514
516
517
489
515
513
520
516
519
515
516
514
507
514
508
500
499
499
472
516
514
513
514
519
511
515
520
516
519
516
512
505
500
491
494
511
518
503
502
511
507
511
511
508
508
506
509
513
510
477
504
508
508
501
507
514
513
513
514
516
514
507
505
509
474
500
510
518
511
510
510
511
511
507
522
511
510
511
503
506
478
505
504
505
507
511
518
517
510
514
511
505
513
511
505
475
508
510
511
509
511
508
508
511
515
510
510
511
510
513
507
488
512
506
512
516
519
512
517
518
515
514
511
509
513
507
479
496
513
511
514
508
509
512
513
507
511
505
511
502
506
503
489
511
512
508
506
509
519
516
515
509
505
515
505
512
507
478
516
518
516
520
511
507
515
510
517
510
515
501
511
517
514
497
513
509
514
514
518
519
506
516
513
514
508
511
513
514
466
506
510
518
507
512
519
523
509
509
511
509
512
516
510
470
509
512
508
508
509
513
503
506
512
514
511
521
509
515
509
477
505
513
512
508
512
510
506
508
514
508
512
512
511
506
467
507
513
511
509
503
512
513
510
520
518
512
513
516
507
509
480
511
512
514
515
510
507
508
512
503
511
508
511
513
501
465
495
510
510
511
509
509
505
512
506
506
509
516
519
502
503
485
508
511
515
521
521
515
515
511
506
512
512
512
515
503
476
499
510
514
506
508
510
509
505
507
510
517
511
509
512
511
493
506
510
511
511
524
509
517
518
510
510
517
510
511
515
486
510
512
513
518
511
514
508
516
506
508
515
506
509
506
461
499
516
512
513
508
508
515
515
511
513
514
512
513
511
506
475
505
514
508
506
506
513
509
512
508
514
515
518
516
514
470
503
514
516
518
513
512
522
508
500
500
503
504
509
509
505
474
514
513
511
510
514
512
511
508
516
515
513
508
515
510
467
507
518
511
513
519
519
512
521
521
517
505
504
515
511
512
493
512
511
510
518
517
513
512
517
506
512
510
514
508
513
473
504
511
513
515
514
515
515
518
514
513
513
511
512
506
509
485
507
510
513
517
513
513
519
506
500
508
507
505
510
506
485
518
516
516
510
508
507
514
507
509
517
515
512
511
510
479
503
512
515
517
505
510
514
511
513
504
507
506
514
514
507
475
504
512
522
514
514
517
515
513
510
517
514
507
512
512
467
506
519
515
507
510
509
509
506
514
512
509
512
515
518
508
473
506
518
508
510
509
513
510
501
510
513
510
516
509
509
472
501
513
521
510
510
514
510
505
510
514
507
510
508
506
510
493
514
512
509
505
508
515
511
514
510
504
518
518
511
512
475
506
511
516
511
516
509
508
512
511
519
506
515
504
502
511
484
512
509
507
513
514
518
511
512
507
506
507
517
512
503
472
508
511
510
518
513
512
507
515
511
505
510
509
509
505
510
485
507
510
514
515
511
514
515
517
508
513
516
510
517
509
475
502
513
520
510
507
515
516
510
510
510
510
503
511
508
471
500
520
519
515
511
514
524
513
508
507
508
516
509
504
505
478
513
513
509
512
513
515
508
516
514
509
503
506
504
511
465
505
513
515
514
510
522
507
512
516
518
513
508
511
506
505
485
503
514
511
509
517
508
511
513
515
508
511
508
514
515
474
508
513
510
511
517
516
520
515
515
518
515
513
514
513
510
490
505
503
510
509
506
507
507
514
514
503
512
517
507
510
478
505
507
514
517
520
520
514
511
515
508
509
516
511
507
481
492
508
510
510
510
516
509
512
511
510
508
520
508
506
512
470
512
512
514
508
514
513
511
513
516
512
513
510
507
509
497
500
512
514
519
506
509
514
508
510
511
512
521
501
508
508
474
516
515
513
512
513
509
513
510
508
509
517
509
508
506
467
508
514
510
515
510
513
511
512
508
508
505
503
507
505
513
490
509
512
509
507
513
520
512
512
511
516
511
510
509
510
476
499
512
508
510
505
515
509
511
512
510
511
508
508
509
509
488
514
514
505
512
518
515
515
514
513
514
511
515
515
513
484
514
514
510
512
519
510
508
509
508
499
502
506
509
504
500
487
506
510
504
509
509
512
507
513
505
507
513
510
507
511
476
513
516
507
518
513
516
509
507
507
506
501
518
519
512
473
506
515
517
519
512
515
518
517
516
503
508
515
509
502
506
484
516
511
509
511
509
511
512
515
515
518
517
516
523
512
463
500
511
512
512
500
507
519
513
515
515
511
509
505
509
507
481
505
512
512
500
515
513
520
507
511
510
513
519
509
513
474
507
514
508
511
512
510
514
515
516
522
512
510
509
505
511
494
513
511
514
509
507
514
514
512
517
511
502
504
511
510
474
502
514
512
506
507
514
511
511
510
506
509
507
515
512
496
489
510
512
511
507
508
509
515
512
517
512
507
513
509
505
472
511
513
508
509
515
519
517
518
513
509
507
513
509
503
464
503
517
511
510
514
520
510
510
506
513
507
507
514
506
500
486
510
507
505
513
514
516
512
510
513
513
510
510
506
509
468
500
513
511
514
506
509
514
512
513
517
515
512
515
509
508
484
508
513
517
513
506
510
511
515
510
513
516
508
510
512
470
503
506
518
510
510
516
515
510
517
512
515
513
509
513
504
489
509
515
505
506
515
513
505
506
507
512
516
509
506
505
466
504
515
514
512
516
523
511
511
515
517
509
505
506
516
504
497
513
511
514
510
516
506
509
510
519
516
521
516
513
505
468
512
521
518
516
515
509
510
510
511
505
503
510
512
510
475
504
514
507
514
509
509
513
506
516
503
505
503
512
507
506
474
509
518
513
509
518
513
516
518
511
509
507
517
511
503
465
505
510
507
506
513
521
508
515
509
513
512
520
518
512
503
479
509
515
505
508
509
513
517
513
514
510
512
510
511
511
487
495
509
509
514
510
514
515
512
502
505
520
504
506
503
508
493
512
508
509
515
509
517
514
510
511
509
509
508
516
510
478
505
516
514
514
507
512
514
510
509
515
512
516
511
510
505
490
514
523
513
507
515
506
514
510
514
513
512
513
512
510
479
503
508
513
509
516
509
512
509
509
512
509
511
518
505
477
498
510
510
510
508
510
508
504
508
511
506
508
511
511
511
468
510
514
516
515
520
516
516
519
513
508
506
512
516
506
468
508
516
511
510
513
513
515
504
508
511
507
512
517
508
508
488
511
519
512
515
506
510
510
514
513
512
506
505
505
509
470
500
509
518
511
504
508
519
517
511
513
510
511
510
507
510
473
504
507
518
515
517
508
511
506
505
510
512
506
510
508
472
507
510
511
514
517
514
519
508
512
507
514
513
512
501
511
491
514
513
510
514
520
518
516
513
511
514
513
512
507
505
467
512
513
516
512
512
518
517
510
510
511
509
511
513
509
479
508
521
517
506
505
515
507
515
510
519
511
512
516
507
509
480
506
517
519
523
517
515
506
511
513
516
511
508
508
506
462
491
514
512
509
511
513
514
514
517
522
512
514
516
507
511
480
514
517
508
509
506
500
501
510
513
507
507
510
503
506
465
505
512
509
508
517
513
515
515
517
505
505
512
519
509
513
502
511
512
520
516
513
510
503
506
504
506
512
509
501
507
477
503
511
511
518
513
521
515
507
503
505
503
516
508
508
506
492
526
515
520
502
510
507
514
503
498
503
504
505
505
502
471
517
515
513
515
508
513
507
503
503
507
514
509
509
505
497
500
513
512
513
517
516
515
513
509
512
516
515
514
510
514
482
516
517
507
506
516
523
514
511
510
512
515
511
508
508
472
502
510
508
512
509
510
510
510
511
515
505
508
507
510
514
485
507
514
519
507
507
507
515
508
517
507
512
506
517
508
468
498
511
509
515
512
511
513
510
514
513
509
511
515
514
503
489
507
511
504
500
514
515
510
511
514
510
519
515
515
510
474
503
513
513
509
514
513
513
513
507
511
508
509
503
503
507
497
513
519
515
516
510
508
517
514
512
509
511
508
508
507
468
502
510
506
516
519
518
517
516
518
512
510
515
509
507
477
494
508
512
515
508
507
514
509
503
505
512
515
518
516
509
477
502
513
515
511
512
511
515
511
507
503
509
510
509
510
465
501
519
516
519
509
517
517
508
510
513
511
511
513
517
507
482
508
514
512
516
518
521
509
508
509
516
507
505
514
510
465
496
516
512
507
505
513
511
504
510
510
511
507
510
512
503
488
511
509
510
512
514
507
511
508
513
511
515
509
519
507
475
509
512
508
517
523
517
518
514
516
508
510
508
517
517
513
489
513
510
511
526
519
513
512
515
514
516
514
513
508
513
484
515
509
502
512
518
505
511
511
508
514
510
515
502
502
490
492
505
506
507
510
515
514
510
513
512
514
514
506
508
506
477
507
509
512
508
514
515
516
502
500
507
514
515
509
502
468
507
511
510
509
510
512
519
517
513
512
508
505
503
513
515
480
514
511
516
508
512
515
516
507
506
514
508
510
509
511
466
503
511
511
509
508
509
504
510
511
511
511
504
506
512
510
484
507
521
514
509
505
517
515
512
510
508
506
505
509
510
468
505
513
516
513
513
516
509
512
511
517
513
508
510
505
503
485
514
507
513
507
515
505
518
513
511
507
520
514
519
513
474
514
520
514
509
517
513
517
511
512
519
512
521
518
510
505
491
517
514
515
521
511
513
512
518
506
507
511
506
513
510
490
511
509
514
524
511
513
510
516
512
512
513
515
505
501
515
495
514
511
511
510
507
512
511
511
510
511
508
500
504
511
481
507
509
515
510
510
507
512
507
506
512
512
511
512
510
470
498
506
512
518
508
515
514
518
512
515
518
516
501
502
508
495
515
516
508
505
509
508
503
505
509
512
519
509
504
509
468
503
507
514
512
509
515
513
510
509
513
510
502
503
502
502
496
510
515
511
510
510
513
513
506
515
509
510
509
511
506
472
500
513
516
520
520
510
510
511
517
512
514
509
517
509
489
494
510
515
508
508
510
507
505
516
509
502
514
516
513
511
472
504
517
514
516
517
516
510
518
513
510
511
512
509
510
480
497
520
515
508
511
510
503
510
508
510
508
518
515
514
505
479
512
513
512
515
513
518
515
512
513
508
511
508
514
511
479
501
512
509
520
517
512
519
518
513
512
517
514
510
513
513
484
508
507
520
516
505
509
517
508
511
507
512
511
503
511
473
501
510
519
511
516
518
513
511
517
519
511
509
516
514
513
489
506
516
514
513
511
509
511
511
512
520
509
509
518
504
466
503
511
505
508
511
512
511
514
509
509
512
507
515
518
522
502
513
508
503
498
516
511
511
509
508
507
508
511
514
510
476
515
510
513
516
518
513
506
508
509
514
513
512
515
511
476
502
515
514
514
517
509
509
514
512
515
510
511
512
507
510
479
513
513
510
515
512
505
504
517
510
503
510
517
508
509
469
494
514
514
518
505
504
508
514
508
507
512
512
511
505
510
479
512
516
514
516
510
505
513
505
507
512
511
508
508
511
476
506
508
510
515
512
509
519
518
513
512
512
516
514
506
511
490
500
510
510
507
511
515
514
515
509
514
514
514
506
507
477
501
509
511
507
510
519
507
514
511
510
511
506
500
510
505
496
513
507
511
510
512
519
517
505
518
508
505
507
514
514
477
510
518
515
516
508
519
511
509
513
514
514
504
513
504
468
505
511
509
511
510
517
521
516
513
512
511
515
514
515
507
477
521
511
512
509
511
503
509
510
509
509
511
516
514
505
465
494
508
511
516
513
509
504
503
510
513
504
512
507
506
503
484
504
516
510
511
510
510
517
510
509
512
513
512
514
506
483
512
513
513
512
510
517
516
513
515
509
508
510
514
510
510
487
512
511
515
518
516
520
515
513
510
506
516
508
510
510
472
506
502
508
504
507
513
512
511
510
508
512
506
514
514
513
495
512
513
513
512
510
517
514
507
507
515
517
514
509
511
474
513
512
515
515
511
509
517
509
512
515
503
509
503
508
479
502
511
508
512
514
520
516
504
502
512
521
521
517
508
513
466
511
515
511
509
516
510
508
508
509
513
506
505
509
510
463
502
515
511
513
507
507
508
508
510
513
512
514
513
512
508
483
511
512
517
515
520
514
513
518
511
513
512
511
508
504
471
503
519
510
511
513
516
506
513
508
508
505
508
512
507
506
489
515
516
510
507
509
512
517
512
515
510
514
513
515
513
470
500
508
510
516
508
509
516
513
510
505
512
505
511
509
504
487
510
516
509
511
515
510
519
512
510
509
509
511
507
508
475
507
504
516
513
516
516
518
515
514
512
519
506
513
513
472
496
506
513
507
508
515
518
513
511
512
515
511
508
516
510
475
508
508
508
509
509
515
516
513
510
513
514
513
519
508
473
498
514
517
512
517
521
514
513
516
510
507
508
510
510
506
479
516
511
510
518
519
517
509
512
504
502
513
521
513
502
467
501
510
509
515
512
513
514
507
512
508
506
514
515
508
512
494
510
513
513
515
507
512
505
508
509
507
508
510
505
503
467
508
516
510
516
513
511
511
513
513
504
512
515
512
510
510
484
511
514
520
510
516
516
519
517
507
506
517
516
522
511
479
514
508
512
515
512
503
511
509
504
501
505
508
509
508
483
495
508
510
505
507
504
514
511
506
510
509
514
510
512
508
467
501
513
517
508
510
518
511
507
510
517
514
511
513
508
469
498
506
511
510
507
506
512
516
513
516
512
511
512
514
510
482
508
516
515
512
507
518
513
514
514
513
511
518
514
509
471
506
515
512
515
511
510
508
515
515
509
502
510
509
512
505
485
510
510
517
504
509
511
510
513
514
508
509
510
507
502
470
503
513
512
512
509
511
505
508
513
509
511
515
512
510
504
495
516
516
510
515
512
509
509
513
502
509
519
513
516
505
476
503
510
509
516
511
511
513
519
513
513
509
511
513
510
518
491
503
509
521
510
511
505
514
524
512
508
523
520
516
514
476
513
512
522
519
521
513
519
520
540
546
521
532
558
571
530
610
621
602
607
612
599
570
535
482
413
356
292
220
199
170
129
139
158
244
303
394
533
621
709
785
871
942
944
970
957
867
858
785
693
625
511
430
371
305
259
222
206
224
248
295
358
404
506
552
600
631
652
638
610
565
509
426
353
301
264
230
177
234
279
338
402
484
569
648
739
809
872
888
892
859
838
790
710
671
601
520
448
381
333
294
294
300
331
368
436
484
533
549
629
665
672
658
617
550
494
427
351
301
249
223
215
211
221
269
347
419
487
569
642
712
758
793
806
799
792
763
741
691
603
569
526
477
434
402
382
373
373
375
412
436
470
508
538
550
596
613
605
598
572
528
479
429
396
358
314
304
297
299
321
324
395
432
484
528
581
615
637
669
686
708
703
690
671
659
588
589
573
544
507
472
444
444
440
449
450
454
465
489
512
531
527
556
556
550
528
511
483
467
441
413
399
385
374
371
370
344
393
423
448
474
508
546
583
621
643
668
682
685
676
662
636
583
575
538
505
470
454
436
421
429
437
462
483
511
532
555
529
571
574
562
548
537
507
485
455
432
400
380
380
366
364
362
378
406
434
466
500
533
582
604
642
666
681
677
677
653
625
562
556
521
477
452
439
432
427
432
451
470
498
518
549
558
533
577
587
577
569
539
516
483
465
435
423
400
387
388
382
392
377
432
457
490
506
537
572
596
615
625
639
634
617
603
581
517
520
513
502
491
472
468
482
494
497
512
530
537
546
561
556
533
546
539
531
517
506
493
470
447
434
425
416
416
411
417
396
453
470
489
508
541
570
579
592
594
597
587
574
563
555
527
503
511
505
502
494
498
499
509
512
525
527
534
543
545
545
508
533
540
534
519
506
498
483
460
459
438
432
421
421
415
418
431
457
476
499
514
537
565
575
585
583
585
574
566
558
539
496
511
506
493
486
488
484
492
499
515
516
527
536
545
548
515
536
556
543
534
520
505
482
470
456
441
434
428
426
427
435
415
460
476
496
515
532
548
562
572
566
567
563
561
564
547
533
504
525
504
502
489
489
497
495
506
507
520
527
545
547
558
528
551
554
551
531
511
484
473
452
442
431
429
421
426
441
413
462
495
506
522
536
550
566
566
566
569
572
556
541
538
519
492
493
496
486
483
485
485
491
504
511
525
534
550
558
559
526
559
559
555
542
519
501
489
471
461
449
440
435
435
441
449
462
484
498
517
533
545
553
554
566
564
563
549
541
539
526
483
507
497
489
493
487
499
495
496
504
516
528
531
547
548
509
537
546
549
530
525
511
493
484
471
460
464
452
464
474
467
439
491
500
506
513
534
541
544
549
556
548
544
546
535
525
469
497
515
493
488
487
483
496
504
512
522
532
539
539
536
539
511
535
529
520
515
505
492
490
477
470
470
472
466
470
474
446
487
511
514
525
529
537
543
540
541
541
542
536
519
505
499
471
491
489
489
487
491
495
496
512
519
537
541
541
550
550
511
544
543
527
515
506
498
479
470
470
466
464
468
480
480
484
480
507
511
523
532
529
546
541
535
534
526
517
510
508
498
454
495
504
492
498
499
511
510
520
523
532
533
533
546
542
496
522
531
529
513
506
499
489
485
477
472
478
473
473
480
485
461
505
508
519
529
526
533
538
535
530
520
522
518
510
508
453
489
496
494
498
507
509
514
522
522
521
527
537
540
529
534
504
526
524
525
520
505
493
492
493
478
479
486
488
493
486
461
494
509
518
532
526
527
529
538
526
523
519
522
507
495
494
464
492
495
502
499
502
506
516
525
527
524
534
534
535
531
493
523
527
519
506
504
495
491
486
486
485
485
493
491
498
506
488
518
522
524
523
524
535
525
533
517
521
510
503
496
493
460
494
502
508
503
503
524
513
525
529
529
538
537
538
540
498
522
533
519
516
507
496
489
487
491
494
484
486
499
500
503
477
510
518
528
532
531
528
521
515
511
507
508
502
497
498
455
483
498
493
501
504
508
514
515
525
528
527
543
538
534
521
490
527
512
515
508
500
491
497
491
491
486
490
503
498
503
471
506
517
526
525
533
528
524
525
520
508
500
506
487
492
485
471
492
493
494
500
502
513
522
522
524
530
536
529
529
532
518
519
522
514
507
493
498
502
493
493
491
500
502
494
498
509
489
511
519
522
522
523
529
520
514
512
509
508
507
493
497
455
493
494
499
496
501
507
522
519
522
529
527
524
527
523
481
506
522
520
514
506
500
503
490
496
495
503
502
507
505
500
472
504
518
518
521
520
524
522
522
513
517
513
506
503
503
454
486
503
503
503
506
509
514
515
521
523
522
530
520
526
522
495
518
518
515
512
512
502
503
493
494
492
500
500
504
504
463
507
516
514
516
531
522
519
521
516
513
516
509
511
505
499
473
498
503
502
513
504
515
512
523
515
522
525
524
526
526
486
516
526
522
515
519
505
506
500
500
498
502
505
505
508
499
491
516
517
518
517
516
518
525
519
513
512
512
503
509
501
470
499
503
510
513
505
513
525
522
519
517
527
518
517
526
496
504
516
513
513
511
515
516
499
495
497
509
515
504
506
509
480
502
519
519
511
518
522
514
515
513
523
512
515
503
504
459
488
501
503
503
501
508
514
512
513
516
517
520
519
524
521
490
513
513
509
506
505
502
501
499
494
504
505
509
510
504
464
498
515
513
517
521
524
516
522
512
506
497
507
505
503
504
483
508
509
505
507
505
518
520
515
518
518
514
517
524
513
479
509
518
511
512
511
515
507
498
496
505
498
503
503
514
509
491
509
507
520
515
513
512
514
517
506
509
499
505
497
505
471
504
516
508
512
510
514
517
521
520
516
521
521
514
509
520
490
505
506
514
508
507
505
513
506
506
504
510
509
511
512
483
514
515
522
516
521
510
518
508
509
507
507
507
504
499
463
495
510
511
513
510
519
530
521
519
518
519
512
507
512
508
471
512
523
516
517
511
514
506
507
506
512
509
511
516
513
469
502
518
519
523
518
517
518
518
513
515
511
513
503
511
502
485
509
505
516
504
511
509
507
516
519
515
515
513
513
521
479
505
509
501
513
508
509
503
511
510
509
501
502
514
515
509
497
519
516
520
520
522
518
516
514
513
506
509
510
508
501
464
500
508
510
509
516
511
509
516
512
513
514
523
521
515
480
499
508
508
509
506
506
501
505
503
508
503
515
509
505
506
488
515
519
519
521
513
513
513
521
519
519
516
517
506
505
497
491
501
511
511
509
507
508
510
511
513
510
510
508
508
511
478
510
509
516
509
507
505
503
506
509
502
510
510
502
507
463
495
510
516
512
515
508
512
509
508
513
505
506
506
511
509
480
506
509
502
514
506
518
514
507
516
514
514
510
519
509
468
508
515
508
518
506
514
506
509
509
510
507
516
508
512
503
497
518
519
514
513
519
521
520
520
521
515
510
506
514
509
466
497
510
508
511
519
512
515
513
517
516
516
506
512
514
504
491
509
513
511
515
511
509
505
504
503
505
506
511
506
509
476
512
514
521
517
509
510
514
517
510
507
508
515
505
503
470
494
507
516
508
512
511
515
523
516
519
517
517
512
508
524
483
511
512
521
512
505
510
509
508
504
509
512
506
513
511
469
506
508
512
517
514
508
520
519
509
514
507
506
506
505
510
475
517
512
515
511
506
510
509
510
519
520
515
507
506
509
467
505
511
503
509
512
508
519
514
510
518
515
512
513
515
513
487
514
515
506
512
512
512
506
507
512
510
509
511
512
503
464
498
514
510
516
514
512
516
517
518
515
510
509
519
507
499
499
519
519
512
511
510
505
504
513
508
511
513
516
516
507
474
512
514
515
508
517
508
510
516
517
516
516
512
509
506
470
505
525
521
518
512
509
508
511
512
507
505
511
502
510
508
483
509
511
503
508
505
506
504
510
507
514
507
516
505
503
463
504
515
511
518
517
512
506
510
509
511
509
510
505
509
507
481
510
512
520
512
511
520
520
510
511
517
524
513
503
505
467
496
510
514
507
504
499
507
513
515
515
515
511
513
513
511
488
509
513
512
509
507
514
509
519
511
511
514
507
507
511
468
505
507
513
509
506
515
516
506
505
513
517
508
506
508
511
488
519
513
508
510
510
516
508
504
514
516
521
511
522
515
478
520
526
515
513
509
515
515
502
510
509
509
510
513
514
463
504
513
512
508
514
512
509
511
517
505
507
508
514
509
510
476
506
509
514
504
519
515
512
520
508
511
513
510
522
508
469
501
511
518
512
511
507
508
511
512
510
508
519
509
512
509
483
515
512
511
512
504
517
512
509
513
513
521
519
505
511
484
498
511
507
517
511
507
510
515
510
513
508
510
505
509
508
489
509
516
513
505
512
511
506
510
507
509
508
505
508
517
470
504
505
515
512
510
515
518
513
510
506
513
510
515
524
510
488
503
515
515
509
510
509
513
510
507
509
510
505
508
514
471
504
523
517
514
517
515
507
505
507
518
511
505
508
509
491
490
512
504
510
511
512
510
509
516
517
513
513
521
515
513
479
515
507
504
507
510
506
517
509
515
512
508
507
507
501
473
504
512
510
510
509
505
509
509
516
516
515
515
511
498
509
484
511
511
509
518
521
513
514
514
513
508
514
518
512
512
472
502
507
501
511
515
508
513
510
513
511
506
509
507
506
512
480
511
513
511
514
519
505
508
511
511
506
512
507
509
512
476
516
514
516
516
513
513
507
505
498
501
515
505
513
507
505
490
514
508
525
514
515
517
508
517
514
512
515
509
512
506
472
505
514
507
509
506
512
511
515
515
516
513
506
513
518
477
488
511
517
517
512
517
521
512
517
515
515
516
513
511
504
483
503
516
513
512
505
511
511
510
514
507
509
509
514
511
463
500
512
509
505
506
508
513
511
514
512
511
514
513
507
503
469
512
507
510
511
515
517
511
504
508
508
511
516
512
508
473
500
511
510
512
514
509
507
506
510
514
515
511
515
506
509
498
512
511
515
516
513
508
507
513
511
506
508
507
510
507
472
510
511
510
516
512
503
507
518
509
512
505
513
506
504
514
493
510
507
509
512
514
505
507
506
511
516
511
514
512
509
470
502
514
513
508
508
513
516
509
510
511
517
510
507
510
502
503
518
519
521
520
511
511
508
510
509
515
511
509
506
506
466
510
513
516
512
514
512
518
518
515
518
513
514
514
511
474
501
514
514
513
508
509
508
504
503
512
511
509
512
514
515
469
514
509
514
510
513
515
511
505
505
508
515
517
508
506
470
504
511
516
512
521
516
508
501
517
513
508
506
511
517
503
484
515
511
508
506
506
516
516
508
511
513
514
516
505
510
477
505
517
507
508
512
518
513
507
506
505
507
506
505
508
506
490
508
512
506
509
501
509
517
512
505
507
515
515
514
507
476
508
516
514
519
522
518
520
519
506
516
516
506
508
508
486
497
508
510
516
513
512
515
507
506
519
519
514
511
509
519
479
507
512
514
510
514
507
509
510
505
515
507
513
510
511
471
496
508
514
509
505
509
508
515
513
515
517
508
508
510
514
475
509
516
515
511
516
516
514
513
508
512
504
508
507
511
470
498
518
513
506
504
515
512
512
511
516
511
509
514
506
505
481
518
507
508
509
514
511
509
506
518
508
507
510
509
506
468
506
514
509
516
521
514
506
512
515
515
514
508
505
505
503
496
508
511
516
519
514
512
512
510
519
512
510
514
513
510
464
501
510
508
509
510
510
509
516
503
513
510
512
512
511
501
493
513
516
523
512
512
514
521
508
509
506
512
509
511
503
475
505
507
506
512
513
514
514
517
505
515
507
509
510
509
478
503
519
516
510
505
506
515
512
515
515
512
513
518
516
512
477
510
517
519
515
516
513
513
508
507
516
512
505
510
515
474
499
514
512
514
514
517
516
511
508
516
518
512
506
510
510
476
504
511
510
509
513
517
518
515
514
504
510
503
507
508
476
512
522
516
505
511
511
512
511
502
511
517
516
519
505
515
490
510
506
509
508
518
509
505
513
517
517
511
510
507
506
472
509
512
518
516
515
511
509
509
512
511
512
510
513
509
503
493
512
510
509
511
506
510
516
511
513
502
506
513
514
503
474
510
505
504
508
509
514
511
515
521
511
519
519
510
508
509
484
511
511
517
508
505
509
515
508
505
510
512
510
505
503
473
507
513
516
511
516
507
522
510
504
504
505
510
508
509
463
497
514
526
519
514
509
508
509
515
514
515
514
515
506
508
487
514
513
510
510
512
515
508
514
512
513
514
521
519
510
476
508
514
511
507
510
518
510
506
501
507
513
516
510
508
504
488
512
509
510
513
506
511
513
517
519
506
513
512
514
505
471
503
512
512
510
510
505
513
513
518
510
509
507
513
505
510
496
519
515
509
512
515
515
512
509
507
504
512
514
512
506
468
507
506
511
513
512
510
518
517
515
502
508
510
515
509
475
500
513
515
504
509
507
515
514
511
506
516
521
512
505
505
470
510
510
509
515
517
512
511
513
514
513
518
507
506
507
475
508
516
517
518
512
508
511
513
503
514
514
511
509
513
512
478
507
509
509
509
508
516
519
509
512
512
507
509
512
510
468
505
511
511
510
517
515
514
507
519
513
513
515
507
514
505
484
510
518
518
512
512
521
508
515
511
508
506
507
513
505
465
494
513
518
513
515
516
508
509
508
510
503
510
509
512
511
496
507
507
509
511
514
512
513
512
511
511
507
504
516
513
473
516
528
527
515
507
515
513
511
514
511
501
507
512
509
477
491
504
515
512
507
512
517
514
511
508
509
509
512
505
506
465
508
512
518
517
513
508
512
516
504
508
507
512
512
513
464
493
516
508
510
503
508
512
513
513
508
511
513
512
508
503
481
508
520
520
519
515
515
518
515
510
515
522
510
511
506
475
504
508
512
511
510
515
521
510
511
509
514
513
506
504
505
487
512
510
515
516
512
509
515
509
508
515
515
510
506
506
474
504
513
515
513
513
519
520
519
507
517
508
507
501
507
509
481
505
506
504
505
511
519
504
508
517
512
514
503
511
505
467
508
516
513
511
506
515
519
518
513
514
507
511
514
510
480
498
514
507
507
511
515
512
512
509
509
508
509
524
512
502
473
516
509
510
513
509
510
512
514
516
512
508
514
515
519
473
498
513
513
514
520
515
510
517
510
511
508
513
515
515
506
485
506
509
512
516
510
513
512
512
507
512
512
507
506
508
476
498
508
504
517
511
506
514
511
506
513
513
507
512
508
509
485
514
514
517
516
517
515
520
514
512
511
513
505
508
513
474
502
509
515
512
511
514
510
511
508
505
513
507
509
510
509
490
510
519
516
507
515
511
510
513
508
510
513
506
499
505
472
509
514
518
508
508
511
507
506
512
513
507
508
512
509
487
493
514
517
516
517
516
509
502
501
512
513
519
515
509
505
476
514
519
514
510
517
515
514
510
506
509
506
510
513
510
463
500
514
512
514
509
513
515
508
512
513
516
517
507
513
510
480
509
517
507
515
506
510
514
514
515
515
515
521
511
506
469
502
523
509
509
517
515
507
519
510
508
501
509
506
506
507
480
506
510
503
513
510
512
513
516
509
508
516
512
513
511
464
503
512
516
513
512
505
512
508
512
508
513
513
513
507
513
488
506
508
518
512
509
512
512
508
511
509
507
510
510
517
470
506
515
521
516
515
509
513
514
507
508
510
508
508
508
480
497
510
514
516
509
509
514
517
515
508
511
514
510
509
512
473
510
525
510
512
514
512
518
513
511
518
518
512
510
507
472
497
513
514
514
515
513
513
513
511
515
518
514
515
518
515
477
513
514
510
507
519
513
520
514
521
510
509
507
510
505
467
507
511
507
510
509
507
511
511
518
504
504
508
516
506
507
490
512
513
512
518
503
508
511
518
507
512
510
514
500
505
471
506
510
511
518
510
512
513
512
509
516
515
513
521
512
501
479
513
516
519
521
507
506
519
519
511
507
515
510
510
506
473
507
511
512
511
511
509
512
510
508
504
511
506
499
500
500
483
518
514
506
509
507
520
508
512
511
514
509
515
503
506
475
507
505
505
508
511
513
514
513
507
512
513
508
514
517
483
489
508
514
514
514
513
514
510
515
518
507
511
507
508
507
478
511
514
511
511
516
511
509
508
517
507
511
518
520
505
473
499
514
512
512
510
519
518
513
516
514
506
511
511
511
509
481
519
511
510
509
518
518
513
510
505
501
517
524
508
506
468
503
507
515
503
509
507
511
515
509
512
510
522
515
504
508
487
501
510
515
517
513
513
515
511
505
512
513
509
513
511
477
500
511
512
514
510
508
510
506
510
502
507
511
507
508
510
488
510
512
518
511
511
513
511
515
515
514
515
521
509
514
474
506
513
514
511
512
507
517
504
512
511
514
519
511
512
490
493
509
509
514
513
514
516
508
508
511
516
507
510
506
510
472
511
517
519
516
503
514
522
517
518
515
509
512
518
516
472
498
512
512
519
514
520
514
515
514
511
511
507
506
504
508
484
510
504
513
502
515
512
507
509
515
518
523
511
510
510
471
501
512
516
510
515
504
509
510
521
512
513
505
509
513
507
496
503
505
514
519
509
514
514
523
515
511
511
514
509
508
474
501
512
511
515
509
507
513
522
511
510
507
511
509
509
515
494
510
513
517
514
513
509
512
504
508
508
508
513
514
518
473
504
510
500
503
510
511
512
510
505
498
507
506
505
513
478
503
506
516
511
515
509
506
514
504
504
506
508
511
509
512
476
504
509
507
502
517
513
513
508
507
509
512
504
510
510
472
506
518
521
515
507
514
514
514
513
511
514
513
516
519
512
491
512
523
508
507
512
509
508
511
506
509
507
507
513
518
472
505
514
515
510
510
511
509
504
515
511
510
512
512
509
504
488
511
506
504
516
511
505
509
509
506
509
505
509
512
508
475
502
508
509
512
518
517
515
509
506
515
516
512
514
512
515
496
514
514
513
514
509
515
509
511
512
508
515
512
510
514
479
509
512
510
515
511
508
519
511
512
505
506
515
508
507
475
490
512
515
517
505
506
518
518
514
514
509
510
515
511
506
476
511
512
515
514
507
511
515
515
515
512
519
515
506
503
470
492
513
513
511
509
506
513
510
513
511
508
504
511
512
513
469
507
512
508
507
516
516
518
514
505
513
516
514
514
514
474
505
519
516
519
502
509
501
506
509
518
514
509
511
512
510
492
511
514
511
504
517
513
514
510
514
515
515
512
517
513
470
504
519
516
513
513
510
514
517
512
511
514
512
510
506
499
483
515
509
515
512
519
510
510
513
512
508
508
505
505
502
473
513
518
504
516
517
512
511
511
512
508
504
518
517
504
490
493
512
509
509
510
507
511
519
516
505
517
519
511
512
510
484
508
513
514
512
509
504
509
510
505
506
506
507
513
508
518
493
504
510
517
514
515
515
519
512
509
513
514
509
503
505
484
509
512
514
509
509
506
512
507
510
503
508
508
504
517
478
508
519
527
518
511
510
518
514
508
512
520
516
502
510
513
483
509
513
515
512
510
510
506
512
508
508
509
504
506
510
470
499
509
508
516
511
511
514
501
508
509
509
519
506
510
512
495
517
512
509
511
514
513
510
513
509
501
510
505
512
503
472
514
520
515
516
515
506
508
507
506
508
509
512
509
508
486
496
519
511
513
520
516
517
508
516
510
512
511
516
510
507
475
505
506
509
511
509
511
512
514
510
510
512
520
512
508
474
507
510
510
503
513
509
509
518
516
510
507
510
509
512
510
475
503
509
512
512
509
510
516
515
511
511
516
512
510
511
479
502
517
515
509
509
512
510
511
510
506
513
507
517
515
508
481
505
508
519
508
515
518
509
509
508
516
509
505
516
515
476
505
510
520
515
521
520
518
517
516
512
508
510
511
506
505
489
511
513
506
508
512
517
513
510
510
510
512
509
519
507
472
506
515
509
505
504
513
511
510
508
509
506
505
508
511
514
498
512
510
515
518
515
511
512
511
515
511
511
520
515
514
475
512
514
513
508
514
512
505
511
511
505
507
509
513
513
480
496
506
506
511
505
509
515
515
522
516
516
513
513
510
511
482
510
506
507
510
512
510
512
518
514
512
512
506
506
508
468
496
512
504
514
507
505
510
517
511
512
505
512
505
503
505
478
504
506
508
509
510
503
512
512
510
517
517
512
514
509
473
497
506
513
514
514
507
514
512
518
507
515
513
514
511
510
489
510
502
510
515
513
522
511
513
516
516
518
513
518
514
485
506
514
512
511
515
514
508
508
513
511
511
509
509
512
513
488
507
521
523
509
514
510
515
516
516
512
510
510
516
516
473
504
502
509
509
506
511
513
504
509
512
515
512
511
510
478
497
512
510
516
521
514
512
513
509
514
519
514
518
512
511
480
503
508
515
507
508
509
504
509
516
508
515
511
514
513
465
495
511
508
510
508
507
508
514
515
513
510
515
514
511
500
482
513
518
515
517
511
510
507
506
505
511
511
509
506
502
501
491
511
514
517
513
512
514
515
515
515
511
515
508
508
509
485
506
514
512
502
511
505
516
514
509
504
507
514
507
511
464
503
514
514
507
512
514
525
512
511
517
512
512
514
515
506
490
510
513
511
510
507
518
506
509
506
511
512
511
506
512
473
513
512
513
514
513
514
513
508
507
514
509
512
512
507
472
500
514
503
510
507
513
514
518
512
515
516
510
515
519
515
478
510
514
513
512
517
511
507
506
512
508
506
513
513
506
465
501
512
512
508
511
511
512
508
509
505
508
520
509
514
512
485
516
507
506
517
520
512
517
516
519
513
516
514
516
511
464
508
508
516
509
515
513
510
508
505
510
507
514
511
512
502
489
504
512
508
517
510
507
516
513
506
504
509
509
514
515
472
503
514
508
514
521
511
520
511
512
520
517
516
509
507
504
491
514
515
515
518
513
515
511
508
505
521
515
516
509
510
477
507
512
516
510
514
517
511
509
510
513
513
515
511
507
485
497
511
514
515
513
511
511
510
502
502
509
511
507
510
513
471
512
517
513
505
508
501
511
508
503
507
511
512
520
510
470
499
506
506
517
516
514
514
507
511
506
502
503
512
512
513
493
517
516
514
508
517
508
506
506
514
516
507
511
510
517
468
503
509
510
516
512
512
506
503
515
508
506
511
518
510
505
487
516
513
511
515
514
516
512
516
511
511
510
519
511
516
475
505
516
514
522
517
513
503
513
511
509
511
515
518
510
505
482
513
515
512
511
509
508
515
511
505
512
519
506
506
506
467
511
508
515
510
514
510
520
512
518
515
521
513
510
509
484
509
512
507
514
512
514
521
515
509
507
510
512
515
513
507
475
508
503
503
511
512
519
521
513
513
511
510
510
500
509
462
495
510
517
522
515
511
507
512
509
517
510
520
518
511
513
480
513
516
513
514
514
512
514
513
513
511
507
508
510
511
463
499
507
510
509
505
509
508
500
512
513
501
508
507
512
505
488
512
505
513
510
508
512
514
517
520
512
512
515
518
516
474
507
511
514
512
509
501
504
507
510
506
504
514
513
501
503
491
501
512
507
512
508
514
502
510
512
512
516
519
513
510
478
505
514
512
517
510
510
513
512
510
503
511
510
510
508
515
497
517
521
521
515
515
510
513
510
503
510
519
512
505
508
481
512
514
512
511
518
516
518
520
509
505
508
514
509
511
467
495
505
519
511
509
514
514
508
513
512
518
520
513
511
505
476
505
516
521
509
508
511
505
510
516
523
511
512
513
508
465
501
510
509
510
511
514
516
509
509
514
514
515
507
516
510
488
510
513
514
516
524
520
512
514
509
509
506
510
514
507
468
514
507
507
510
522
515
509
507
503
509
510
511
510
503
501
481
506
509
504
514
510
514
514
516
515
512
513
519
510
506
467
504
517
515
511
512
512
510
510
516
509
508
515
510
510
475
500
501
512
512
502
509
512
518
516
512
515
515
510
508
511
472
506
511
517
519
516
505
519
509
510
510
517
508
504
510
474
497
517
509
506
518
514
512
510
517
513
519
510
509
506
501
474
510
508
507
510
513
515
517
512
511
519
507
513
510
502
470
505
506
512
517
521
512
517
519
516
517
514
509
517
519
516
491
508
515
516
523
512
510
512
509
505
512
512
510
512
510
471
501
509
513
510
515
509
513
514
514
513
511
507
506
507
503
489
509
510
512
519
512
510
515
503
505
511
508
508
517
509
471
518
508
515
513
516
512
508
509
515
508
514
520
508
505
493
490
508
519
517
508
505
517
510
507
504
510
509
508
516
504
480
510
514
512
508
516
516
514
519
518
511
507
503
506
507
461
497
517
513
517
507
521
514
516
509
510
507
515
511
504
510
486
511
506
513
512
515
514
515
509
514
514
521
513
514
512
472
502
516
511
513
510
510
519
510
507
507
508
507
504
505
502
474
512
511
507
508
509
518
504
507
505
511
513
509
503
504
469
504
512
510
510
509
513
513
516
517
517
514
510
509
508
508
484
510
509
511
511
515
509
507
514
515
509
515
515
512
508
471
509
514
514
507
514
505
508
517
513
514
512
511
515
500
515
492
511
511
509
514
517
514
513
513
517
508
509
513
510
509
476
508
512
515
512
520
514
515
513
512
510
510
515
510
507
468
497
508
504
515
523
509
509
519
512
510
514
524
517
514
510
484
516
509
512
516
510
512
521
511
506
504
509
512
501
501
502
486
504
503
518
511
511
511
513
512
510
512
507
515
515
517
487
505
507
513
503
508
510
514
510
510
509
510
509
504
511
469
501
509
506
511
505
508
517
506
509
505
512
511
512
515
512
492
516
525
520
521
510
516
513
508
506
510
512
512
503
501
476
507
517
516
509
508
512
507
506
503
508
517
511
506
507
499
489
503
514
510
508
512
512
518
508
512
510
515
503
507
502
472
516
512
514
516
511
512
513
509
513
512
513
514
518
518
470
504
514
516
513
515
515
520
512
508
511
513
507
508
506
507
482
511
511
509
509
510
513
507
510
505
509
513
514
511
511
469
506
512
515
523
513
516
517
516
513
505
512
514
503
500
506
486
506
509
510
511
505
507
508
508
514
512
511
514
506
514
477
506
508
509
511
506
508
517
507
507
504
508
517
511
508
512
491
512
512
516
513
505
513
516
506
510
512
508
511
515
509
470
511
511
517
511
513
515
515
507
516
506
512
504
507
507
509
494
512
514
506
509
509
519
508
506
507
506
510
510
513
510
480
507
514
516
519
517
516
510
513
514
509
510
512
518
510
472
494
512
511
518
509
513
506
508
511
520
513
508
517
504
510
475
506
501
507
505
513
506
513
512
515
507
509
512
509
503
474
503
509
510
517
521
516
519
514
519
509
510
513
512
514
512
491
504
512
514
519
514
512
515
519
509
509
510
510
505
508
474
508
504
511
514
510
512
510
515
515
511
509
514
508
508
508
487
514
516
520
512
512
505
514
511
506
507
516
509
504
499
472
506
519
526
512
505
513
519
510
506
502
509
510
506
499
499
487
511
515
514
514
508
516
513
512
513
515
514
510
510
509
480
512
517
515
512
503
513
514
505
508
513
510
505
509
500
465
492
510
506
509
509
508
507
504
503
504
504
509
509
514
505
474
504
512
513
510
514
510
513
505
517
511
510
514
513
511
465
499
511
509
519
517
512
516
516
516
516
512
514
512
504
511
488
508
507
513
506
514
506
510
510
508
509
513
512
509
506
474
503
517
516
515
512
513
513
518
506
512
