387
346
336
358
367
376
382
391
389
413
412
427
422
425
435
438
404
377
399
416
422
421
422
426
439
433
449
446
457
456
468
466
467
434
473
472
476
476
483
486
483
491
497
483
484
495
490
489
454
488
497
502
504
505
505
501
503
502
504
508
515
507
509
508
477
512
504
506
505
507
510
516
515
506
502
504
512
519
504
480
506
514
516
518
512
517
510
522
518
514
520
518
512
517
521
494
518
516
522
516
507
511
516
514
514
507
504
511
508
513
480
512
514
522
512
512
510
514
514
513
509
514
508
514
521
517
492
506
514
513
510
509
507
507
515
508
511
509
509
515
506
472
512
513
509
512
505
517
506
507
506
507
513
516
507
507
477
502
516
524
516
521
516
511
514
514
517
509
505
514
508
505
484
523
516
508
509
515
510
522
517
514
514
508
506
512
513
471
508
511
516
513
510
507
508
506
514
514
513
508
511
505
512
490
515
513
512
514
507
507
504
508
502
506
511
514
511
506
471
504
511
511
513
517
509
515
518
512
512
509
508
513
507
501
471
512
513
520
512
510
504
516
508
513
512
514
506
509
508
471
498
511
513
509
509
505
523
507
507
507
514
506
503
507
514
489
511
515
522
518
518
518
513
515
506
509
506
502
506
511
479
509
512
523
516
506
511
511
506
511
510
514
509
509
509
493
501
516
512
503
511
509
509
512
509
514
511
514
517
506
510
481
507
514
518
521
518
511
517
509
508
507
510
511
509
507
468
487
515
514
509
513
507
506
521
509
504
503
503
508
507
505
478
507
513
511
507
515
508
516
515
516
520
515
512
515
514
470
501
513
514
513
518
513
508
506
510
513
516
526
516
511
515
489
511
516
515
519
508
513
506
506
506
504
508
511
510
510
483
506
509
505
505
507
506
508
510
510
514
510
519
508
512
519
497
510
511
519
505
512
517
515
510
507
502
513
513
511
513
478
515
508
513
513
520
511
520
510
509
508
512
519
515
510
484
495
514
516
522
518
513
514
512
509
507
510
516
507
504
504
471
507
509
517
510
507
514
499
509
505
515
508
513
510
511
472
503
515
513
518
513
513
519
515
508
509
508
513
515
509
508
487
508
509
513
509
519
510
506
510
511
510
508
510
513
509
474
506
511
512
514
515
516
511
515
514
509
510
514
514
512
505
486
507
506
511
502
505
506
508
515
507
501
509
511
505
511
470
507
515
512
509
512
501
506
507
505
511
512
508
510
515
511
497
520
513
515
506
506
507
517
507
505
510
512
510
506
511
470
507
513
511
515
514
515
517
513
510
511
514
502
506
502
495
496
512
509
515
509
509
513
505
506
509
513
516
507
508
517
480
511
506
509
506
508
511
514
510
511
516
515
507
513
513
482
494
510
512
510
512
508
515
511
512
512
508
515
512
518
515
484
514
518
513
509
517
522
515
511
509
513
506
508
519
510
473
515
519
510
509
509
514
511
510
511
508
505
503
505
508
515
485
515
510
503
511
512
515
511
513
516
516
512
505
511
507
465
510
511
509
511
518
510
515
508
516
516
512
510
514
509
503
487
518
514
517
516
517
515
511
510
510
507
513
510
514
510
475
503
506
505
511
508
505
509
506
505
497
501
512
511
507
503
494
508
515
507
508
513
515
516
509
507
506
510
513
514
510
476
502
510
516
516
511
514
509
511
507
505
503
510
506
511
473
499
504
514
517
511
503
510
512
513
511
519
522
516
506
506
481
517
515
513
508
513
513
510
516
514
513
513
512
509
517
472
510
512
511
510
520
512
510
514
511
507
513
514
510
510
509
487
509
509
510
509
511
511
510
506
517
509
509
515
521
519
476
503
510
506
509
507
509
515
511
511
505
506
513
508
511
508
491
516
515
511
513
515
505
500
503
508
517
508
519
514
506
466
508
509
506
512
520
509
512
508
515
512
501
513
507
505
507
500
515
507
515
513
514
514
517
515
508
509
516
516
514
510
482
514
512
510
513
506
507
511
512
511
516
513
512
516
513
518
494
506
513
513
509
511
508
512
498
506
511
513
514
510
512
475
511
516
517
516
508
518
508
510
505
507
508
510
504
505
463
497
515
510
505
504
508
516
517
514
513
512
507
515
507
509
494
519
512
516
512
513
524
516
510
509
516
512
520
514
512
477
500
503
509
513
515
515
510
511
508
511
506
510
511
511
510
496
517
516
510
512
515
516
506
502
511
506
508
504
507
503
468
504
508
505
509
517
512
509
513
518
515
516
517
515
512
520
497
516
516
517
516
516
515
514
516
508
509
512
513
512
513
478
508
515
513
513
516
515
506
520
519
510
516
520
507
505
473
499
524
525
526
510
512
509
513
506
502
507
509
510
504
504
469
508
507
508
506
509
516
503
506
501
505
517
513
505
499
466
496
504
516
519
507
514
508
510
509
510
519
511
514
509
509
490
518
516
510
514
501
508
509
509
512
516
516
517
517
510
474
504
506
507
510
512
511
505
511
508
512
511
503
511
507
508
489
513
517
511
510
511
507
509
505
502
505
507
513
514
509
474
503
515
517
515
519
517
513
514
516
515
517
510
511
508
507
491
521
509
506
509
503
506
506
511
511
509
504
506
511
505
473
518
511
508
513
515
516
512
512
521
507
513
512
524
508
485
497
517
516
517
520
516
514
515
511
497
507
504
505
509
512
481
514
517
516
517
509
507
512
519
509
513
513
510
507
505
463
503
508
512
520
513
510
507
505
507
512
510
519
520
510
507
487
511
512
519
512
514
512
507
508
511
516
510
510
508
507
467
497
516
519
516
509
509
514
510
510
513
511
509
516
498
506
482
505
506
513
511
513
515
519
518
511
513
516
512
518
513
473
511
512
516
522
513
515
510
511
501
511
506
507
509
510
512
500
510
518
508
509
508
504
507
509
520
514
507
507
516
507
475
503
517
503
514
510
511
512
506
511
503
507
502
514
501
483
494
517
510
507
515
511
505
510
513
512
513
513
521
517
510
475
516
512
516
516
509
512
513
507
510
504
505
508
503
503
468
504
515
511
506
514
520
517
505
505
500
507
512
506
509
501
479
519
517
512
514
505
509
504
509
509
508
513
506
513
497
466
498
514
511
509
510
507
513
518
509
512
521
512
515
514
517
494
510
514
525
517
521
517
520
508
510
506
516
516
518
506
478
506
521
517
518
510
504
507
505
507
508
514
514
517
510
506
490
505
520
511
511
509
521
511
509
508
508
512
505
506
505
471
502
511
506
507
508
511
512
506
508
515
506
513
509
513
497
496
516
508
512
514
516
514
507
506
510
512
510
510
502
503
474
505
510
508
508
518
505
516
509
520
509
510
520
509
513
468
491
508
513
513
514
505
509
513
517
516
516
507
510
507
505
482
512
516
514
516
515
516
511
525
507
504
514
513
511
507
469
504
515
514
511
519
518
514
513
504
505
515
515
507
507
507
490
509
507
507
513
510
511
511
505
513
530
524
517
528
537
512
565
574
569
573
578
577
552
518
494
443
418
373
344
322
309
289
291
310
348
379
437
507
567
614
665
726
768
786
794
795
744
742
702
649
595
534
480
424
388
353
331
309
316
350
374
383
425
490
530
554
577
596
596
574
551
519
483
441
406
385
361
324
345
375
397
435
473
509
565
617
662
695
724
720
722
702
660
646
623
583
542
491
454
412
401
397
409
417
435
463
489
517
512
566
587
591
582
569
541
508
475
437
400
371
353
349
338
309
363
398
438
478
526
579
620
640
670
690
700
688
683
655
625
570
566
524
491
465
440
423
416
420
417
433
455
469
497
519
505
553
569
573
570
560
541
509
490
468
432
405
401
392
389
395
387
429
449
478
496
531
554
582
599
612
627
626
617
609
595
554
569
548
536
512
489
471
469
465
467
471
479
492
497
517
516
523
543
545
535
526
515
508
490
466
457
445
432
426
420
423
396
441
454
472
485
506
534
555
570
583
601
600
611
610
605
546
566
555
538
510
490
489
473
456
459
477
486
493
506
517
527
512
544
559
545
536
528
521
502
491
471
449
439
436
435
427
394
441
452
460
476
499
521
545
560
589
589
599
597
602
584
568
531
542
518
496
471
464
462
458
466
475
482
498
507
519
534
509
550
555
556
549
544
531
517
496
478
461
448
449
441
433
436
433
455
464
481
497
514
530
548
561
577
572
582
581
568
553
511
528
522
517
512
500
488
489
494
497
502
517
512
518
524
533
525
534
530
525
514
510
493
488
479
471
464
462
448
453
466
436
479
487
501
521
530
535
551
554
553
557
559
552
546
539
502
513
505
512
505
496
500
502
502
498
508
520
520
525
524
525
497
539
542
532
528
516
507
502
493
485
474
472
463
454
455
421
462
487
487
492
500
515
527
543
547
548
548
545
547
533
527
502
523
509
500
494
504
489
494
504
518
520
522
529
537
532
495
527
534
534
523
528
509
499
492
490
472
475
459
460
455
460
456
487
491
504
510
522
528
539
548
551
546
544
540
536
528
487
513
519
511
500
497
495
504
507
496
507
513
524
530
527
527
534
540
539
533
526
516
507
500
495
479
467
470
462
464
475
447
480
498
502
515
522
527
539
546
542
540
542
535
520
520
480
499
506
507
503
494
494
498
498
501
512
523
528
531
526
540
507
542
543
539
527
523
506
493
480
480
474
468
466
461
467
431
473
491
502
509
516
525
531
535
544
551
534
536
534
528
526
490
506
514
503
500
506
497
497
498
499
509
516
518
531
525
496
527
528
530
518
515
506
508
500
495
492
481
483
484
486
485
469
504
508
514
524
523
518
526
530
538
523
524
520
521
505
471
499
499
498
498
498
500
500
503
508
511
524
527
529
529
532
525
540
539
533
522
518
509
500
495
490
490
485
484
483
490
459
496
501
514
521
517
523
532
533
532
529
528
528
511
509
481
496
502
500
506
496
496
494
506
507
516
517
529
524
523
528
489
529
517
517
508
513
505
502
493
482
485
486
488
483
494
459
488
509
516
520
524
531
531
522
528
516
523
516
510
500
504
470
507
504
498
494
505
514
508
516
515
522
520
527
534
530
484
519
522
521
518
508
509
503
498
492
492
485
488
491
496
492
470
503
505
515
514
531
520
523
514
521
520
523
510
509
503
468
493
508
507
508
508
508
514
513
521
517
515
520
531
529
526
506
528
520
511
511
512
512
497
500
493
493
495
498
498
496
468
503
520
516
520
529
521
528
520
516
515
512
515
510
499
462
494
498
497
492
505
505
511
513
517
520
526
525
526
530
518
501
517
524
521
518
510
506
509
500
502
496
499
499
502
497
503
499
508
517
520
512
517
514
522
515
510
506
508
512
500
507
467
499
499
505
505
511
506
521
521
520
521
521
520
525
527
484
514
523
515
515
513
505
504
502
495
494
496
493
501
500
505
484
515
524
522
522
526
525
525
517
516
521
511
505
510
497
464
493
509
508
505
509
507
505
511
518
517
525
513
517
521
513
500
525
513
516
514
516
514
501
498
502
495
495
506
501
497
466
504
511
512
516
523
511
514
515
514
513
510
499
499
491
478
483
497
496
504
511
508
510
514
522
522
512
517
520
524
522
494
519
516
517
517
511
501
503
505
497
492
501
505
506
501
470
502
516
518
524
520
524
522
519
516
507
512
508
510
511
505
469
497
503
498
501
504
507
517
506
516
513
517
520
515
512
481
513
518
514
512
510
504
511
507
508
504
510
505
505
514
511
490
516
522
526
524
524
519
515
508
506
515
505
508
504
502
467
505
508
512
509
501
507
513
511
523
525
521
524
522
528
517
509
527
519
518
512
509
508
506
504
500
496
498
508
508
502
461
504
517
509
515
515
510
515
518
515
510
514
508
511
506
480
494
506
506
505
504
514
508
515
514
513
510
514
517
513
515
488
520
516
522
517
517
513
508
508
510
501
504
505
507
504
461
505
509
512
511
522
513
510
513
512
512
508
513
508
506
507
484
508
506
509
517
508
505
511
513
511
511
519
519
519
514
477
506
514
513
526
517
507
508
508
508
501
507
508
507
507
511
479
520
513
516
516
515
512
517
513
507
501
512
507
500
498
470
501
499
513
504
504
504
510
518
513
505
518
518
515
512
514
498
512
511
516
514
507
510
501
502
505
511
505
503
505
513
472
505
516
513
518
517
523
523
510
512
518
511
511
515
514
492
492
504
508
512
510
514
517
514
515
512
517
517
517
522
509
482
515
522
514
515
507
504
508
512
520
505
510
508
506
505
461
501
510
512
517
510
510
506
506
512
510
511
508
508
508
503
466
503
507
512
512
510
508
519
526
519
515
516
525
516
511
480
509
512
511
513
510
512
510
507
515
505
505
512
510
516
512
487
520
509
516
513
516
514
509
523
512
510
513
507
506
503
495
487
501
513
510
507
515
510
509
504
509
513
517
518
516
509
493
507
504
511
511
504
511
510
506
505
500
505
508
509
524
479
506
511
516
512
517
519
521
515
512
507
515
516
510
511
484
495
514
518
515
519
507
516
508
513
509
516
515
521
523
513
475
510
514
512
511
508
512
507
510
510
510
511
517
515
515
475
499
516
518
512
516
519
521
514
511
521
512
510
517
513
506
464
504
507
517
511
514
504
503
503
510
519
516
513
506
507
464
499
503
505
512
509
509
508
502
511
505
513
504
509
504
509
485
512
509
510
518
511
510
517
513
514
512
508
507
507
508
473
505
507
505
513
510
513
506
511
505
506
507
513
516
507
512
491
514
514
513
509
512
518
514
514
507
507
511
506
504
505
469
501
508
510
519
511
517
518
514
511
509
513
509
506
509
508
488
510
508
516
511
509
517
512
513
516
518
514
508
511
510
477
505
514
514
511
509
509
506
506
508
511
513
507
511
514
476
501
514
516
512
513
516
514
518
513
517
514
512
508
509
516
473
507
512
514
503
512
512
514
514
510
506
512
515
514
503
468
505
511
516
509
504
514
507
508
503
514
511
506
512
513
514
488
516
514
518
518
512
515
513
512
514
513
513
511
504
504
465
500
507
508
514
517
512
512
513
517
510
517
513
516
519
515
495
516
506
506
512
507
512
510
509
506
502
506
507
510
509
473
504
509
516
520
512
513
514
524
512
510
513
509
513
503
515
485
511
512
521
519
520
511
512
512
507
509
517
509
507
507
473
507
509
527
517
511
513
512
514
510
512
516
509
514
511
478
499
513
512
508
509
509
508
505
506
505
507
506
511
505
505
471
512
515
509
504
513
514
504
505
516
509
514
508
509
507
461
496
509
513
512
513
524
507
507
506
504
505
501
507
510
506
476
512
515
514
511
517
504
509
515
519
511
516
514
511
505
472
507
518
521
514
512
510
510
511
508
505
502
511
510
506
508
487
511
510
510
509
513
504
507
514
508
514
514
514
510
508
469
511
520
518
511
525
517
517
515
514
515
509
510
506
500
507
490
506
510
512
512
514
513
514
511
520
510
517
514
511
504
482
504
506
505
508
509
510
516
513
514
518
514
509
508
501
491
494
519
518
520
519
512
514
521
508
506
508
518
503
513
509
481
518
518
516
518
513
514
511
508
514
510
505
510
505
511
472
504
516
517
513
521
510
521
513
511
506
509
511
510
509
513
475
514
520
517
511
514
516
509
513
504
504
500
505
504
512
470
501
509
503
507
502
503
515
511
509
504
508
507
502
509
507
488
515
506
515
508
514
513
514
512
515
513
514
505
514
511
474
503
509
508
506
515
508
515
514
510
513
506
505
511
500
507
495
516
507
502
514
512
511
506
508
513
511
510
519
508
507
473
520
512
506
510
512
510
507
511
504
507
507
508
508
512
486
504
515
500
506
510
516
516
517
509
510
510
518
514
508
500
479
510
506
515
502
504
506
512
509
509
512
514
508
513
508
479
499
507
512
512
513
513
520
517
515
509
512
515
508
508
507
480
517
518
516
511
518
512
511
505
507
510
511
507
507
507
479
503
506
515
512
510
512
521
515
515
516
511
516
509
517
507
488
500
509
508
509
516
516
509
512
521
512
518
514
517
518
480
502
508
505
507
511
517
513
518
504
509
508
512
516
507
503
489
510
511
510
509
511
512
517
508
505
502
512
517
503
505
468
513
506
513
513
517
523
511
516
515
509
512
515
509
504
497
500
517
516
512
513
508
513
511
510
503
509
512
505
509
503
477
505
508
517
520
511
514
512
510
517
516
510
509
516
511
475
501
511
509
516
511
506
515
511
509
500
508
518
519
505
507
474
511
513
516
512
511
511
515
505
502
508
511
510
514
507
464
507
515
517
503
506
517
520
513
510
515
512
515
516
511
511
484
510
508
509
506
504
517
509
510
519
516
511
513
503
508
467
509
511
515
513
507
516
508
512
512
511
506
500
508
510
514
492
515
511
508
518
521
511
512
508
517
516
514
509
505
505
470
500
514
511
510
511
507
508
505
520
506
502
511
513
507
493
488
507
509
511
508
508
517
513
516
515
508
508
519
509
506
480
510
515
515
507
518
513
510
513
517
515
510
515
506
510
475
506
518
514
518
515
516
516
513
510
503
502
515
511
508
507
478
514
509
509
498
506
505
504
505
505
510
516
515
514
515
483
492
506
515
513
513
512
507
506
511
510
511
515
512
515
521
484
510
508
521
514
518
518
513
513
512
506
510
517
516
522
464
498
510
518
511
508
519
514
510
508
505
505
518
512
509
503
487
511
515
507
500
518
513
512
504
507
510
509
510
513
506
469
505
513
504
517
519
518
510
514
513
505
506
515
512
511
488
498
525
513
518
507
515
505
510
518
516
512
508
507
509
512
479
512
513
513
510
514
505
510
512
516
505
507
510
513
513
472
500
511
516
513
516
509
511
509
511
510
513
509
506
504
503
475
511
517
511
512
506
506
509
508
513
513
511
510
502
509
470
502
511
516
512
516
523
519
517
515
507
514
521
515
504
499
477
502
501
509
512
519
509
517
520
513
505
512
505
510
507
478
499
505
515
514
510
508
511
509
509
509
508
509
508
509
508
491
513
514
510
511
511
513
518
511
516
520
516
516
510
502
470
502
510
506
511
511
504
511
517
512
508
512
509
509
509
512
501
509
519
523
509
509
508
509
511
518
515
516
511
511
513
479
506
515
512
520
518
512
510
499
506
509
512
503
505
510
482
498
511
510
511
513
513
515
511
509
509
510
507
507
502
504
478
515
511
508
509
516
512
511
508
513
515
511
515
513
513
483
515
513
510
510
511
514
514
510
503
509
510
512
510
511
507
497
512
516
514
521
514
512
512
515
505
510
508
506
506
500
472
502
512
514
521
516
514
510
507
513
504
508
516
509
514
511
483
504
511
511
515
514
513
508
515
510
512
510
509
507
510
471
507
506
515
517
509
508
511
511
512
513
515
513
512
508
510
497
512
517
515
514
515
510
512
508
504
508
512
518
516
507
477
507
517
510
511
514
519
513
510
509
508
508
508
511
506
481
494
521
513
511
512
517
514
515
510
521
516
508
507
508
516
486
513
512
508
516
516
511
513
508
514
513
509
510
513
510
476
500
508
515
519
516
509
511
510
511
506
502
506
508
504
502
479
508
513
509
505
504
508
510
510
504
508
500
509
505
508
472
513
509
509
509
512
513
511
515
518
512
516
518
510
508
508
498
522
508
514
529
511
503
513
513
510
507
521
511
504
507
474
504
515
511
509
509
512
510
510
504
504
516
508
509
507
515
489
508
508
512
504
502
510
509
511
505
508
504
511
510
512
476
504
517
516
511
509
508
513
503
505
509
515
508
507
514
488
493
514
513
516
509
512
508
518
514
508
507
511
514
510
503
483
516
514
522
515
522
518
509
517
515
510
520
513
511
512
468
501
516
509
518
509
520
507
512
509
510
505
501
507
509
504
469
515
511
510
506
505
516
510
507
505
514
514
514
505
513
470
505
512
508
507
509
512
516
510
510
512
506
511
509
508
510
481
513
514
515
516
515
514
516
518
508
514
508
515
513
515
477
510
508
507
503
502
507
508
516
510
510
504
516
511
507
510
492
515
515
513
509
515
513
512
509
513
504
513
516
509
503
473
513
513
506
510
509
511
518
517
513
509
512
506
511
502
493
498
512
512
513
507
514
517
518
518
520
511
503
510
505
509
470
508
514
512
515
510
509
513
504
514
513
504
507
506
516
473
503
516
511
511
505
509
507
508
507
518
513
512
512
509
500
475
509
516
510
507
510
513
508
513
509
505
511
515
519
513
474
505
510
516
508
514
513
502
508
513
514
521
516
517
509
508
485
514
510
506
508
510
510
505
505
509
502
500
512
509
512
466
502
513
512
512
521
512
516
517
513
509
510
511
519
512
509
492
513
513
508
516
518
512
506
513
506
505
514
515
510
506
476
514
508
513
521
514
513
515
515
515
513
516
520
511
509
514
491
513
503
512
513
502
504
503
512
514
509
514
513
514
505
470
502
504
521
522
513
504
513
504
509
506
513
515
512
509
465
497
520
519
510
511
520
514
508
505
514
514
517
511
513
512
482
517
516
517
513
515
523
517
511
512
513
516
518
512
513
468
508
517
519
516
508
517
510
512
507
516
511
511
507
501
509
483
510
513
504
505
511
507
508
517
511
506
506
506
506
503
474
498
513
508
508
514
505
504
511
517
508
511
507
504
510
508
490
520
521
510
512
517
510
512
517
510
505
506
518
514
507
476
504
516
513
507
507
505
505
515
506
508
509
515
505
502
486
499
507
507
508
514
511
509
515
512
506
505
509
508
510
508
475
500
514
507
512
513
507
511
512
510
511
510
510
519
517
479
500
513
513
514
516
511
514
512
513
512
518
514
512
508
511
477
517
512
515
506
506
510
504
506
500
515
511
505
507
510
465
503
514
507
505
512
508
505
511
505
511
515
516
512
510
512
479
519
522
530
523
511
514
503
512
510
506
514
509
509
505
469
499
511
508
515
522
519
517
511
513
520
513
511
509
513
509
485
515
508
523
519
510
508
500
508
509
505
506
502
500
503
475
506
515
513
511
520
505
506
508
510
512
511
505
512
508
508
496
515
511
509
518
511
511
508
514
511
516
514
512
511
510
479
512
517
514
520
519
516
512
516
518
504
513
510
508
500
473
504
515
513
514
503
513
510
517
511
507
509
511
514
503
506
486
508
509
513
516
510
510
516
509
512
509
508
507
513
506
471
497
510
511
516
508
510
519
510
507
505
509
511
512
511
506
476
510
511
518
514
506
515
506
513
516
517
520
514
517
512
474
511
518
516
512
512
512
519
512
512
509
512
508
506
511
509
491
509
514
511
510
505
510
515
509
510
505
507
508
507
505
479
506
517
511
509
509
506
504
505
506
507
503
506
515
508
505
488
523
514
514
512
516
511
512
511
513
514
517
515
504
506
474
508
513
514
510
513
513
508
515
508
508
513
516
512
507
482
501
517
511
517
514
506
501
503
509
510
505
511
507
511
507
488
508
510
512
514
513
514
511
513
514
508
504
507
510
516
515
485
507
515
514
504
513
514
513
512
515
513
518
517
511
516
487
506
514
520
512
514
514
508
509
512
508
512
502
511
512
479
495
508
509
509
512
517
508
508
506
504
511
514
517
505
502
483
515
515
512
511
515
522
521
508
507
507
509
503
512
506
472
500
513
519
512
507
518
507
518
505
521
508
512
512
508
509
495
508
511
514
511
516
507
514
509
518
513
511
513
509
505
474
512
508
507
512
513
502
510
511
519
511
510
508
508
512
476
501
511
514
512
515
512
514
514
517
516
515
511
507
504
498
478
507
506
508
512
521
508
517
511
513
511
508
516
510
506
469
508
520
516
517
516
521
518
517
510
510
513
526
508
509
506
479
509
507
509
511
509
507
508
508
509
508
513
516
510
502
464
497
511
515
507
509
510
510
510
504
499
502
506
506
505
516
485
516
516
511
517
516
514
507
513
516
508
509
509
513
518
474
507
513
523
513
513
513
523
523
517
512
510
509
507
512
512
494
515
513
514
507
504
510
506
507
507
507
509
513
511
508
476
504
514
506
514
510
518
506
509
522
513
508
505
513
506
484
492
518
503
503
506
511
505
512
510
505
510
508
512
509
504
468
509
514
510
512
514
510
513
516
516
509
511
511
516
505
470
502
512
514
507
508
517
511
512
511
514
514
510
509
503
509
483
513
508
512
508
510
511
509
509
510
510
508
516
509
499
465
507
509
515
516
513
510
520
517
510
504
514
513
512
516
514
478
511
513
522
522
521
513
517
514
515
506
515
514
511
509
475
514
519
514
520
505
509
511
508
519
512
508
511
510
512
511
493
510
511
512
503
506
511
510
500
505
515
510
505
518
512
474
505
508
515
514
517
515
510
513
510
504
510
512
505
505
491
497
515
521
512
511
513
512
513
509
517
508
521
511
506
503
472
503
511
511
512
510
516
510
506
515
514
512
511
515
510
471
498
515
509
508
506
511
515
504
512
506
511
510
516
513
502
476
512
509
513
513
513
512
502
504
504
509
507
519
509
505
469
496
506
514
511
511
514
512
515
511
510
514
524
515
509
514
492
514
515
512
512
506
505
511
510
508
513
515
513
511
508
470
512
510
506
504
508
506
508
507
509
506
514
511
516
506
509
487
509
515
514
515
513
511
507
511
507
506
502
505
501
507
474
514
517
518
510
514
515
520
514
508
507
519
518
511
514
501
501
511
513
510
507
507
507
506
509
514
514
507
519
513
513
467
509
515
508
510
510
514
508
508
517
513
517
510
507
510
473
497
513
511
504
506
522
510
512
510
513
515
509
509
514
508
482
506
515
512
507
515
510
516
508
511
512
507
519
514
505
472
510
511
506
512
513
514
513
513
511
508
517
512
514
512
501
485
516
512
512
510
520
510
513
515
509
503
504
513
507
509
479
501
506
507
506
515
515
508
515
508
509
511
518
510
506
505
495
511
509
504
509
511
501
508
510
508
512
514
515
518
509
479
507
522
513
518
515
505
515
509
506
504
518
519
513
502
515
492
512
508
507
506
507
510
515
512
506
514
513
514
511
507
481
508
507
514
503
509
508
510
510
506
508
511
502
502
505
474
496
511
509
510
505
513
513
514
517
511
518
510
510
517
515
488
514
513
505
502
512
509
513
511
503
507
513
508
517
510
469
510
521
516
512
509
520
509
512
514
519
508
507
512
512
509
490
508
508
503
504
503
505
511
514
513
507
507
514
516
510
471
504
512
510
509
506
515
504
508
515
514
510
511
511
506
509
494
517
511
517
512
511
507
509
514
512
512
508
511
506
508
482
515
512
509
513
507
509
512
517
504
504
509
514
509
504
509
475
507
513
520
512
512
510
512
509
508
502
514
507
509
503
470
513
516
511
509
513
503
509
507
508
515
511
510
501
507
469
498
512
512
513
517
511
522
508
511
518
514
508
515
507
506
474
513
520
522
514
514
510
507
512
507
526
510
511
511
509
470
507
515
509
518
512
506
507
508
511
513
515
512
515
517
505
487
512
515
513
514
508
509
510
511
504
511
510
508
515
505
467
500
519
514
512
511
513
508
515
528
513
504
506
511
505
501
487
514
510
518
515
516
513
506
509
510
513
512
517
509
504
469
504
516
509
509
514
507
507
503
510
506
505
510
512
518
508
495
512
511
513
519
511
508
511
510
505
507
514
518
507
507
482
513
512
515
519
514
513
516
510
505
509
522
517
514
511
516
494
508
512
515
513
513
516
508
504
508
508
510
519
508
509
467
518
517
516
514
507
515
512
507
505
503
514
503
501
506
467
503
518
516
514
512
509
519
508
516
509
505
509
508
504
509
482
505
514
512
514
512
510
516
507
510
512
516
510
510
511
474
506
511
514
516
514
516
513
514
512
510
509
507
511
509
509
489
517
511
508
510
509
507
505
510
519
514
509
507
505
503
478
497
512
516
514
516
514
500
511
511
504
499
509
508
508
504
486
507
507
507
514
520
511
511
514
505
510
510
515
507
505
472
511
511
514
512
514
516
509
512
511
509
507
517
515
512
478
501
516
512
513
513
515
517
514
508
514
507
515
511
510
504
475
508
512
504
509
508
514
519
519
512
511
519
518
512
509
477
498
514
504
511
509
507
516
517
512
520
507
503
509
505
510
479
504
508
514
513
514
512
520
513
508
513
515
511
514
509
475
507
508
516
519
519
516
515
508
513
518
516
511
501
514
507
493
512
519
512
506
511
520
519
512
506
511
507
506
509
506
464
498
507
504
502
512
510
511
508
510
512
501
509
507
511
509
497
515
514
512
509
511
509
515
509
512
519
511
513
513
505
478
517
517
515
509
515
514
503
504
511
514
509
512
520
508
485
504
509
505
508
512
506
510
506
512
512
504
514
510
511
510
478
506
506
511
509
510
504
505
511
502
508
506
504
504
504
462
505
513
514
510
505
507
510
519
518
513
508
511
506
511
505
484
510
515
512
520
507
512
510
515
512
509
519
513
510
510
472
503
510
511
516
510
514
513
508
505
500
514
504
507
512
514
489
510
507
512
508
505
514
512
517
512
513
512
510
507
508
472
507
507
514
509
508
515
513
515
513
521
512
515
503
513
504
497
512
509
507
516
520
518
511
515
513
514
515
508
514
508
482
511
511
511
506
521
513
519
507
508
511
505
511
510
505
507
486
508
512
508
509
522
514
508
512
515
517
512
510
510
508
471
516
506
504
506
511
510
501
506
512
515
512
515
515
513
472
510
520
510
515
518
502
513
512
515
511
513
528
516
513
509
482
514
510
512
515
507
505
507
509
516
506
512
508
506
503
507
487
509
511
512
507
504
512
517
510
502
502
512
509
505
506
488
506
510
514
508
506
506
513
511
511
509
517
509
514
509
473
507
520
517
520
511
517
519
513
511
514
516
513
520
510
506
493
506
514
513
510
511
521
519
520
506
518
514
505
510
507
479
510
525
510
512
513
510
508
513
512
508
509
509
511
510
498
490
511
507
508
510
505
507
510
507
510
505
506
506
511
506
477
515
515
515
509
518
517
507
511
517
510
513
518
518
510
467
503
513
511
506
512
511
505
507
511
510
511
511
514
513
508
480
513
514
506
509
508
512
508
511
505
511
516
518
511
506
479
509
507
511
515
524
513
504
519
508
511
508
518
512
509
509
484
512
511
512
509
514
515
521
519
514
513
508
511
503
508
469
497
510
509
517
519
515
515
517
508
513
515
512
504
511
510
488
514
509
521
510
521
518
518
519
515
518
516
511
510
514
479
505
511
514
517
503
509
515
519
504
514
507
519
515
509
511
489
505
508
511
506
510
512
515
520
516
510
508
509
514
508
471
513
521
513
511
506
505
510
506
507
511
507
507
511
512
468
498
518
511
509
512
509
507
506
511
510
506
514
511
507
511
483
517
515
510
511
513
503
511
510
508
507
508
507
508
505
468
503
505
515
510
513
511
516
518
519
514
513
513
507
508
503
483
519
510
514
512
513
519
508
519
506
506
515
511
506
510
475
512
515
508
519
509
509
505
509
502
503
503
519
507
503
506
483
510
512
522
513
510
510
515
502
505
509
512
505
510
504
475
511
502
507
508
506
505
511
510
504
512
522
511
505
509
510
495
508
508
518
510
516
520
512
518
509
517
506
511
514
509
478
508
517
514
507
505
515
506
511
506
515
515
507
510
507
465
501
519
513
512
509
512
511
512
508
507
512
514
504
513
506
477
506
514
519
516
516
512
511
508
518
505
506
513
519
508
467
499
509
507
506
507
506
511
513
513
516
511
512
510
511
513
484
508
513
508
512
510
508
515
509
518
510
514
517
513
508
471
509
507
514
517
515
509
511
513
512
507
510
517
514
506
507
490
510
512
511
519
507
513
518
512
504
504
511
504
505
506
494
495
515
515
512
509
510
511
512
507
509
511
516
515
511
510
499
515
510
511
507
509
511
508
511
504
505
509
510
513
511
474
507
512
521
510
512
513
510
508
515
514
504
510
511
509
478
499
509
516
514
519
523
515
512
513
513
520
515
507
506
510
480
510
514
514
510
508
510
505
505
506
511
511
507
510
506
474
502
518
517
508
510
509
509
507
504
511
508
515
512
511
504
485
512
507
514
513
518
517
515
516
516
510
510
506
516
505
476
501
511
511
513
517
513
509
509
513
508
510
511
506
507
506
486
510
510
515
513
515
516
512
512
510
510
504
515
512
508
473
509
507
518
510
518
515
517
513
508
511
514
514
514
506
511
502
512
512
510
511
507
510
520
511
505
510
507
508
506
504
476
506
515
515
511
513
518
521
507
510
509
527
510
513
512
474
494
516
507
520
521
508
512
510
509
508
508
504
508
513
513
478
502
507
515
513
511
502
512
507
506
506
504
513
506
512
467
506
508
512
506
507
507
514
514
516
523
517
506
511
513
506
485
516
524
520
512
509
511
505
514
504
499
506
510
514
508
465
505
514
513
517
517
513
507
508
515
505
507
510
519
505
508
488
510
510
511
513
512
514
508
513
512
513
513
510
508
509
471
509
518
512
515
509
507
513
516
514
515
518
512
507
504
501
495
506
511
505
509
510
509
509
503
501
507
510
512
504
504
479
515
510
508
512
511
513
510
520
507
512
511
516
505
506
484
498
523
512
522
511
504
505
508
503
511
505
509
510
516
508
480
517
518
519
507
508
511
514
512
515
512
519
509
510
508
479
493
506
515
511
512
516
514
517
516
514
516
514
511
507
509
475
512
513
516
508
511
523
507
506
508
519
509
517
509
510
470
502
513
513
509
501
511
511
517
509
518
517
509
508
505
505
487
512
511
518
504
506
510
508
511
518
509
514
509
510
510
478
510
510
510
516
510
511
508
507
506
513
515
509
518
507
502
490
512
510
505
510
510
505
513
515
510
509
510
511
513
510
476
519
521
515
518
512
516
515
517
509
504
510
509
511
501
498
496
512
513
505
513
511
512
510
506
504
507
512
508
508
507
479
508
514
511
514
519
510
508
514
507
510
512
511
509
508
505
501
505
508
517
511
510
503
509
514
510
507
513
512
511
517
482
510
516
515
516
513
512
514
516
514
509
511
511
515
512
471
502
508
516
508
506
515
509
509
501
509
509
511
511
511
516
492
509
513
508
508
510
519
514
519
517
507
513
506
506
498
467
508
511
511
507
508
518
517
513
512
514
511
505
507
509
511
500
519
517
513
510
512
513
513
517
516
516
506
508
509
509
469
512
519
513
507
513
522
508
510
515
516
507
506
510
507
491
495
507
508
509
515
512
512
509
506
510
506
505
512
508
510
475
509
511
515
509
507
512
509
510
510
510
505
513
509
511
472
497
509
515
517
511
516
511
518
512
506
508
520
505
515
507
480
504
510
508
509
514
509
508
519
511
506
503
507
513
509
480
506
513
522
520
507
516
518
515
513
507
511
508
509
508
510
483
508
520
514
506
504
508
510
506
511
511
510
506
504
512
476
506
508
511
509
515
513
512
510
515
517
512
506
511
519
509
492
521
513
510
514
516
512
512
514
502
514
506
508
511
505
477
506
521
518
509
513
524
510
515
508
509
510
506
514
505
482
502
515
509
503
510
509
509
506
506
513
510
511
509
507
504
471
517
511
512
515
511
516
508
516
525
510
507
511
510
506
466
500
510
519
517
515
518
512
506
510
517
518
505
510
506
505
495
521
513
512
512
512
513
511
515
512
507
504
504
507
500
458
496
508
508
504
508
506
507
516
510
511
506
510
503
506
509
481
509
506
510
509
516
510
514
510
511
505
518
502
510
511
466
501
512
517
512
510
503
511
509
513
509
520
502
513
514
506
493
515
518
517
519
518
520
514
515
514
517
512
508
508
508
480
521
514
512
517
514
510
505
506
501
513
504
510
504
515
504
487
513
513
514
512
511
513
511
500
509
507
509
511
512
509
472
507
509
519
512
512
514
506
503
511
508
507
509
513
513
486
503
516
514
520
516
516
513
514
519
507
506
506
510
510
503
476
505
509
510
503
506
508
506
516
510
506
510
521
510
509
467
509
515
512
513
515
515
518
511
514
515
509
516
511
507
506
487
514
519
511
511
506
512
518
517
507
509
513
508
508
511
503
505
515
513
512
511
515
513
522
512
511
506
505
506
502
512
490
512
509
509
509
510
509
514
515
511
506
511
504
501
515
477
498
517
509
509
509
506
517
510
507
507
515
511
503
509
505
496
515
518
512
511
507
514
510
505
509
513
511
505
516
508
481
507
519
517
516
514
521
511
512
502
508
509
509
515
515
479
496
510
506
507
512
514
510
509
508
510
506
512
511
517
508
475
510
511
510
509
514
507
503
512
518
507
508
510
515
506
474
502
510
510
512
519
516
513
523
518
510
510
508
514
512
510
483
508
518
513
515
511
518
518
526
516
512
507
511
506
503
475
503
510
511
505
503
508
509
516
509
511
511
512
513
506
507
492
509
511
508
515
510
513
514
515
509
508
507
512
507
508
477
501
510
515
509
511
510
516
509
509
509
508
505
505
506
509
492
503
517
514
511
508
511
520
517
510
521
516
519
512
509
473
505
512
517
509
507
512
509
509
512
515
513
516
512
510
496
495
508
502
504
513
506
513
503
500
508
507
503
507
514
507
477
509
506
508
524
511
509
516
519
520
512
510
511
510
510
467
495
512
513
513
508
516
513
520
517
514
510
513
515
508
513
491
511
509
513
508
510
507
515
510
510
515
511
521
518
511
467
503
505
509
512
517
517
507
510
515
508
512
508
514
502
508
483
508
508
515
515
510
513
510
513
507
511
507
507
509
508
482
512
520
506
514
511
508
510
514
516
511
514
515
514
506
504
488
502
513
521
511
510
512
514
508
514
512
511
514
509
510
474
516
514
515
514
512
508
504
505
514
508
514
510
513
503
474
494
510
506
511
511
513
526
518
513
508
515
518
512
512
509
471
503
517
509
518
518
519
513
515
511
512
517
514
515
511
470
503
511
510
518
513
516
510
512
517
515
513
511
508
509
507
476
506
507
509
513
510
508
507
506
505
498
504
505
508
511
460
502
518
514
510
512
516
510
506
514
512
517
507
518
506
514
492
514
512
518
509
508
512
510
518
511
509
507
517
508
507
476
504
504
503
514
515
511
511
513
521
515
510
513
511
509
510
499
510
509
503
514
511
509
509
513
515
512
520
515
513
508
472
501
505
505
514
513
520
509
514
506
506
515
510
502
500
487
499
504
505
513
512
511
508
502
503
510
513
505
510
516
514
481
510
512
511
510
517
515
515
514
517
509
505
514
513
509
465
500
510
517
520
513
515
513
513
511
509
514
512
504
507
508
472
510
516
497
510
506
514
508
509
509
513
517
510
505
512
471
510
520
517
510
513
507
510
517
505
508
503
507
509
510
515
489
520
515
504
511
511
510
502
513
513
511
509
505
504
502
475
510
514
517
514
508
504
504
512
518
521
504
515
516
515
508
495
511
508
515
515
507
513
509
515
510
512
510
514
507
506
477
508
508
510
507
503
509
513
514
504
508
509
512
512
510
486
499
514
520
521
516
520
510
512
509
504
507
515
508
507
506
479
511
510
514
511
513
509
515
510
509
513
519
512
509
504
467
498
509
516
510
511
509
508
505
501
513
510
507
506
512
511
479
519
516
515
520
517
516
506
510
511
521
514
505
502
508
466
503
512
515
513
518
515
515
514
513
510
507
506
508
508
495
484
500
516
511
517
514
510
509
507
515
508
499
502
516
503
472
503
507
511
508
506
514
517
513
509
511
506
505
509
512
516
492
515
519
515
512
512
512
513
510
507
510
510
512
508
508
482
503
505
510
505
517
510
512
517
510
510
504
506
505
507
497
494
511
510
512
513
510
514
510
514
509
512
514
518
506
504
487
509
507
507
512
517
515
507
514
504
504
506
510
509
506
508
485
505
507
503
505
507
513
506
506
511
505
512
514
510
520
487
509
511
519
516
513
512
511
521
516
511
515
511
507
502
472
499
511
511
510
510
513
513
506
513
504
510
513
509
511
509
484
514
511
514
509
515
517
512
514
512
524
511
511
514
504
466
505
514
514
507
504
515
513
519
514
515
518
524
511
514
510
492
517
509
512
514
521
512
518
510
510
505
505
512
510
510
476
507
515
503
505
512
507
507
510
520
505
509
513
514
510
499
508
516
510
508
516
505
509
506
516
511
502
505
503
510
505
477
512
513
511
515
511
510
512
519
511
507
508
517
512
504
468
496
514
511
514
515
512
513
512
515
511
508
512
518
509
510
478
507
507
508
513
510
514
512
511
510
507
506
507
503
504
492
495
513
505
509
509
521
509
517
512
512
508
514
506
511
509
484
511
515
513
518
510
511
512
513
509
500
518
512
504
508
476
510
517
517
504
508
512
509
505
507
508
510
504
505
513
511
489
513
520
511
510
509
506
504
503
515
510
512
508
517
509
475
503
519
510
515
511
520
510
515
520
517
508
511
510
509
501
499
517
510
513
510
507
516
513
510
511
514
505
509
513
506
471
514
515
504
516
524
518
515
508
517
506
510
504
510
508
484
500
510
522
506
509
509
509
512
511
506
510
509
512
510
509
467
516
516
510
513
510
503
507
509
506
509
511
515
514
518
467
508
511
517
521
509
513
512
521
515
508
506
512
508
510
501
481
504
512
516
515
515
519
519
511
517
512
516
519
513
507
470
512
508
509
514
516
516
514
513
509
511
514
510
510
512
512
489
503
509
508
514
510
517
512
511
508
512
508
514
507
503
468
506
512
517
513
509
510
510
512
505
513
518
511
515
515
506
501
516
510
511
507
515
516
512
515
516
510
515
511
513
507
468
507
511
513
514
508
509
513
512
505
500
506
513
511
497
480
500
515
503
507
508
507
508
513
509
508
510
517
518
506
508
475
515
516
514
515
515
513
508
507
508
505
508
510
508
507
468
499
508
511
517
511
518
502
507
507
509
516
516
512
512
504
496
511
513
514
518
513
510
510
519
512
511
508
508
513
506
472
505
507
515
509
511
517
505
512
508
511
512
517
507
507
513
490
511
517
521
520
522
509
509
504
511
513
505
509
509
502
464
504
513
509
505
510
514
514
508
511
512
513
520
517
508
508
487
509
515
514
505
513
518
504
516
507
506
516
503
504
506
477
511
509
510
507
508
509
505
514
510
512
509
505
515
506
488
504
516
510
511
518
518
506
508
514
510
508
505
509
517
512
477
511
511
513
513
511
500
509
510
515
514
516
513
514
509
473
507
519
515
515
509
519
509
510
510
510
504
513
514
515
502
482
506
512
512
510
512
513
517
515
509
514
514
515
508
511
467
500
508
511
508
505
508
507
513
512
511
505
520
506
510
499
485
513
515
517
505
509
512
513
515
511
518
524
516
519
512
481
496
514
519
516
517
513
513
507
509
514
510
512
508
512
511
496
516
511
512
501
507
502
509
508
515
515
507
508
503
511
474
496
507
510
509
508
511
508
509
506
510
512
506
506
515
486
494
515
525
514
516
504
510
505
510
507
513
523
514
512
513
478
506
514
512
514
509
517
512
510
506
504
504
501
513
508
464
505
511
509
509
506
522
518
511
508
519
512
512
511
516
507
478
510
513
509
514
515
515
513
510
510
508
509
513
511
504
472
502
508
507
509
512
506
509
509
507
515
510
511
520
514
514
494
514
514
527
517
508
512
503
514
509
510
512
513
506
505
474
508
508
514
510
508
517
511
515
507
505
503
513
509
503
501
477
510
512
512
510
507
514
515
509
506
508
515
512
509
507
475
509
510
505
509
511
515
512
513
515
509
518
510
508
508
482
501
509
518
517
514
512
510
516
509
507
509
504
502
504
505
479
511
516
507
500
508
506
513
510
516
522
514
513
507
512
474
510
517
517
515
513
516
520
516
519
520
515
513
507
506
504
479
512
512
511
508
512
516
515
505
509
509
512
517
514
505
471
504
517
511
518
516
512
514
511
502
515
511
506
510
503
511
490
510
511
513
510
514
512
515
513
514
518
510
511
512
511
465
503
507
508
503
512
508
503
502
504
501
500
512
518
508
496
491
513
517
515
514
509
511
512
511
515
512
517
520
511
511
486
513
515
515
518
518
518
512
515
512
510
513
512
510
508
512
490
514
518
525
512
511
510
513
502
505
504
510
514
510
499
472
507
513
506
514
504
506
515
510
514
512
520
516
509
511
466
497
506
513
516
512
511
507
509
512
504
514
509
507
514
512
479
516
519
510
512
513
518
503
513
512
513
505
509
501
500
467
507
519
512
513
516
526
519
519
511
517
506
510
505
508
512
490
519
512
506
504
513
516
516
508
513
506
504
504
515
508
471
504
513
511
511
511
508
511
506
508
507
505
502
505
499
496
489
514
522
510
511
514
518
517
519
511
513
508
512
512
504
473
507
514
516
519
515
509
508
511
511
512
517
520
519
515
483
493
504
510
515
519
512
513
507
509
502
505
510
509
514
508
472
509
516
514
513
515
514
511
501
509
507
518
507
508
506
473
507
512
516
509
506
509
510
514
513
507
513
512
509
508
511
478
509
508
515
513
509
512
512
511
507
510
514
511
513
515
466
500
510
517
513
516
508
508
515
513
516
511
511
509
510
504
477
510
510
508
511
509
510
516
516
507
512
505
514
507
503
469
510
517
517
503
512
512
517
513
515
509
506
504
508
511
510
489
519
516
511
