381
348
360
364
368
379
406
407
432
435
450
452
458
464
460
458
450
420
429
427
407
404
397
388
390
394
400
412
435
454
470
486
516
511
555
572
586
580
582
577
567
555
536
527
512
494
481
480
443
484
481
503
496
507
524
539
548
552
564
564
560
555
542
488
518
504
494
469
453
437
436
418
421
431
427
437
450
465
491
486
527
551
560
573
582
594
582
566
551
539
534
521
514
500
467
501
507
513
521
540
542
549
550
554
560
552
551
537
529
514
480
483
463
458
436
432
425
422
413
421
432
447
465
490
515
496
549
574
588
590
595
585
572
560
555
530
516
501
498
488
474
462
480
481
482
490
506
520
530
548
550
551
564
565
564
555
498
519
492
477
457
441
445
432
438
435
444
461
469
484
501
490
528
546
548
555
560
564
554
544
534
523
513
508
501
495
485
458
502
504
509
530
525
543
552
569
568
568
573
562
554
539
481
491
485
468
454
433
427
434
429
423
437
458
470
484
499
521
509
550
564
573
569
570
562
560
548
534
528
519
508
494
487
444
478
491
491
502
504
523
525
534
543
546
545
541
533
531
521
492
500
491
480
475
471
469
474
470
468
482
483
494
510
516
490
528
548
544
541
543
543
537
525
512
513
498
491
491
486
489
472
503
508
511
528
536
543
548
555
558
554
551
545
545
527
480
501
487
477
468
467
456
459
457
468
472
474
485
498
513
491
517
538
542
543
548
547
545
532
533
516
515
505
503
493
492
462
498
499
506
519
527
530
537
545
543
537
543
537
521
504
461
482
480
477
469
470
466
467
473
480
485
493
506
509
517
529
499
533
538
545
538
530
523
521
506
497
491
484
486
479
479
453
490
504
513
526
530
547
553
551
553
544
547
542
537
521
515
486
498
485
478
475
474
480
472
471
470
488
489
497
508
511
480
525
533
535
535
533
530
524
518
510
508
499
500
504
501
506
493
507
523
528
529
538
539
536
533
541
534
527
516
515
515
463
489
488
483
476
478
475
480
481
489
490
505
508
522
530
491
528
538
539
537
533
527
522
509
507
497
494
499
501
496
490
454
496
508
507
520
534
524
531
540
542
541
533
529
524
520
462
496
502
501
490
492
488
488
487
499
497
500
508
517
513
516
492
516
514
526
515
523
508
506
508
505
498
501
492
494
492
474
501
520
522
535
538
537
537
540
537
536
534
525
514
505
502
483
489
481
481
485
481
484
488
492
493
507
511
515
518
526
491
516
528
533
529
521
515
513
510
508
498
495
506
499
498
500
483
507
514
519
523
529
533
539
530
532
541
523
520
515
509
462
499
508
492
498
490
495
501
501
499
508
515
521
519
519
495
513
520
519
516
517
513
501
499
496
496
491
492
496
500
491
458
502
522
519
525
538
535
529
541
548
529
533
515
519
502
466
480
490
490
494
484
483
482
495
496
503
506
516
531
522
518
488
514
515
520
519
514
513
503
510
502
498
495
501
498
499
468
494
508
518
517
520
516
527
531
525
522
518
516
517
510
500
482
501
498
491
493
502
499
508
506
514
519
519
524
525
518
484
514
519
523
513
513
502
504
497
492
494
504
492
491
495
507
481
505
522
527
525
530
523
527
530
530
530
536
531
515
519
479
508
502
501
497
498
499
504
502
504
514
507
512
513
519
482
500
514
518
512
507
512
510
508
500
506
508
505
505
510
508
473
505
517
514
522
522
527
518
526
524
524
519
520
518
503
464
497
509
496
502
499
510
505
502
500
509
504
514
513
519
516
480
527
518
511
506
509
510
508
499
496
493
495
500
501
495
461
498
509
514
517
524
523
521
526
525
529
527
518
519
509
512
487
511
501
514
511
509
504
509
509
507
509
515
513
512
509
472
505
508
513
513
503
506
500
507
509
504
510
508
510
509
510
486
516
517
521
522
527
519
523
527
519
516
520
512
507
500
469
499
501
499
499
507
504
505
502
506
508
512
515
508
510
500
506
514
521
517
512
512
516
505
504
497
507
502
498
510
504
475
496
510
510
512
516
520
523
515
515
521
518
512
510
510
480
494
505
507
505
501
505
507
502
510
514
513
522
514
519
520
476
505
516
505
508
505
507
502
497
503
501
494
507
511
508
464
505
519
524
520
520
520
520
519
522
516
506
511
511
507
502
482
501
504
503
503
507
507
511
511
512
509
515
518
517
507
469
507
516
515
522
517
511
507
507
513
503
505
509
508
506
502
489
510
508
514
518
521
520
516
515
513
515
516
518
512
505
484
506
508
506
511
514
519
515
515
515
514
510
518
518
516
518
498
517
514
515
505
510
508
509
508
508
507
502
505
504
504
481
505
515
519
515
511
522
521
516
523
514
518
511
510
516
471
494
509
509
502
507
509
514
503
505
509
510
507
511
517
509
482
506
517
514
510
513
510
510
506
508
505
502
505
510
508
469
508
517
513
513
512
518
513
510
505
515
510
506
507
507
501
478
505
510
507
513
514
514
518
524
521
514
515
520
520
508
471
502
514
506
509
514
505
510
503
515
500
504
500
500
499
501
485
502
503
506
526
518
520
520
522
519
514
521
512
515
505
469
500
510
512
516
512
509
505
510
507
510
508
513
503
502
509
493
508
511
511
512
508
513
512
505
516
510
512
502
508
502
479
506
516
515
515
517
510
511
509
504
508
510
502
504
502
482
489
506
503
511
506
513
511
517
511
518
526
512
509
507
518
485
504
511
514
513
513
508
505
510
507
511
508
507
503
503
471
497
506
509
508
511
512
520
512
520
515
515
516
511
517
511
486
504
516
512
509
512
509
511
509
509
513
516
508
508
508
467
498
508
515
513
508
507
507
510
511
509
509
506
513
506
510
479
517
518
525
518
523
515
514
512
512
508
516
515
515
508
476
509
505
504
506
510
508
510
518
514
508
508
511
516
510
511
505
511
515
519
518
509
515
512
507
504
509
507
519
514
509
477
511
512
507
522
513
507
514
508
510
509
507
511
508
505
476
498
503
508
516
510
510
511
514
516
510
507
521
506
506
506
470
498
507
514
510
511
508
506
498
504
512
519
515
507
511
474
500
516
514
517
510
515
521
521
514
514
506
512
511
508
505
483
516
504
508
509
511
520
515
509
513
520
511
505
514
505
472
499
514
510
517
518
511
517
513
510
513
517
509
513
514
505
492
512
518
519
510
509
517
506
506
509
502
505
511
499
510
462
494
507
512
510
512
507
512
509
515
516
514
518
510
502
500
488
509
508
507
507
510
509
502
507
510
517
507
520
511
506
478
526
511
512
510
519
518
519
513
511
509
510
511
507
506
480
490
511
509
512
509
512
509
519
527
512
510
514
512
505
508
485
512
513
515
510
515
512
520
526
508
514
511
508
508
516
513
492
520
523
523
514
522
517
513
515
510
504
507
504
498
506
481
501
507
508
508
511
509
517
516
510
509
508
508
506
508
471
499
504
513
512
500
512
511
507
510
508
517
506
508
509
511
493
510
524
512
511
519
513
512
508
510
511
513
508
507
510
466
509
502
508
506
511
507
509
502
515
513
510
503
516
521
514
497
510
511
510
512
515
511
509
512
514
511
503
514
509
506
478
511
514
514
510
520
513
512
511
514
505
511
512
507
504
480
487
504
507
513
518
509
512
509
520
515
512
513
520
514
510
474
508
509
517
510
509
510
507
504
512
507
515
512
514
513
462
494
512
514
513
517
509
504
511
514
512
511
509
506
508
504
477
510
512
506
510
513
508
512
507
508
509
520
509
507
502
471
503
512
516
513
509
513
504
511
507
507
514
512
513
507
509
490
509
513
512
503
516
515
517
508
511
509
513
499
502
506
471
503
512
517
508
506
512
511
503
516
515
508
517
512
512
507
489
509
512
506
510
510
505
512
508
505
507
514
512
521
508
469
496
514
511
511
512
511
512
513
510
510
505
510
521
518
472
502
515
516
520
520
519
516
514
517
518
514
511
508
503
503
477
515
514
512
511
525
519
514
505
509
508
510
508
507
512
466
505
513
504
510
514
512
513
506
519
512
510
505
513
507
500
473
508
509
511
516
512
512
511
515
511
507
510
509
507
517
471
505
511
515
517
505
506
504
512
510
508
509
514
514
503
502
481
504
512
519
504
513
514
511
516
508
512
515
510
508
515
481
504
513
513
515
515
511
517
512
510
510
518
515
506
509
509
500
503
506
509
505
511
522
508
509
512
513
506
507
508
514
471
496
519
512
509
513
519
516
513
512
515
510
508
503
512
493
498
515
524
512
506
507
512
505
506
514
508
512
511
512
510
474
511
519
506
504
499
507
507
509
512
512
507
504
508
511
470
493
509
509
509
506
515
518
512
512
507
510
508
513
506
510
480
513
514
514
514
516
514
512
513
518
510
512
519
509
509
470
505
514
515
517
511
514
507
515
520
511
515
514
516
515
511
487
507
517
510
511
510
505
510
511
510
503
506
506
510
508
477
508
510
507
511
514
520
511
514
514
507
506
507
516
513
510
497
512
510
517
516
511
514
509
510
512
511
509
511
512
511
474
505
505
511
507
510
513
526
522
510
509
502
506
505
510
512
498
512
514
507
505
506
508
512
508
510
512
509
512
507
505
482
512
511
512
507
514
514
512
513
505
505
506
511
510
505
471
500
515
508
513
508
523
517
511
506
506
502
505
505
509
511
473
512
514
522
513
519
511
512
509
515
510
512
503
516
504
467
501
518
515
514
514
508
509
516
518
511
503
507
518
504
501
480
508
507
503
509
509
514
508
513
510
511
512
520
515
510
467
504
506
508
515
512
512
513
512
512
512
519
517
509
517
518
495
510
512
517
515
512
510
516
506
510
516
521
512
509
506
475
511
516
513
517
515
514
508
507
508
507
513
504
512
510
504
490
509
515
517
516
515
511
513
513
516
516
507
504
506
516
472
502
506
509
509
511
507
513
502
510
510
508
508
506
505
474
490
509
512
506
505
515
519
509
508
511
515
516
512
516
509
477
508
521
515
512
515
520
510
512
513
514
512
512
513
503
463
501
511
505
506
516
510
510
507
511
507
513
510
511
509
505
486
514
511
512
508
514
511
518
516
511
510
507
511
511
512
471
510
510
514
519
519
514
519
509
513
510
503
506
510
513
512
488
506
510
512
522
525
515
517
516
515
512
512
515
509
505
474
507
511
507
512
520
516
514
517
509
512
508
518
517
515
511
480
508
508
524
510
507
510
514
511
508
510
513
508
511
506
477
499
513
517
511
507
513
512
509
516
517
525
518
519
516
476
502
518
516
517
512
512
517
508
503
501
509
506
509
514
513
492
505
511
516
506
513
510
508
506
508
514
510
508
511
511
464
500
513
510
512
507
511
510
512
503
511
513
510
509
516
509
478
506
514
511
508
519
521
513
507
518
512
510
513
520
513
473
502
510
519
517
511
525
511
508
515
515
513
511
507
506
497
481
511
508
503
507
508
510
508
508
507
505
508
510
510
509
467
499
506
507
509
518
516
506
502
504
509
503
512
510
514
505
491
512
511
511
513
512
506
527
515
509
507
510
513
518
506
473
504
507
509
512
513
506
512
518
510
514
513
512
513
504
509
497
516
515
520
514
512
517
515
510
512
513
519
512
508
509
477
505
506
512
507
509
510
513
513
508
509
506
513
510
511
476
503
511
517
508
506
511
510
511
508
506
516
514
510
515
520
485
508
517
517
512
509
514
513
512
508
508
504
506
513
509
463
498
513
516
513
513
519
510
514
505
514
508
506
500
506
506
490
509
512
513
513
516
509
513
509
517
512
508
513
515
510
471
505
515
514
513
514
510
513
510
517
507
511
510
520
514
507
487
515
515
511
516
513
511
511
518
515
506
509
512
510
505
464
506
510
510
517
509
515
506
510
506
510
508
508
502
509
475
499
503
510
513
513
511
510
517
512
516
520
513
508
509
500
473
505
507
513
507
508
510
512
509
506
507
520
513
508
509
468
496
515
512
514
511
512
518
514
514
513
516
517
519
511
511
478
505
509
508
507
512
512
514
510
507
509
510
508
512
511
467
503
510
513
515
505
511
511
510
507
510
506
509
514
509
505
490
500
504
511
510
513
507
514
519
511
513
514
503
512
512
484
505
512
512
513
509
518
512
517
507
511
506
508
518
509
506
484
517
513
509
509
516
518
516
516
514
507
510
511
508
503
473
504
511
510
508
513
515
513
514
505
503
504
502
511
503
496
504
509
517
513
514
512
517
511
504
510
507
511
511
520
500
479
500
508
505
513
516
517
513
515
508
514
512
523
515
512
472
499
513
512
507
510
513
509
513
510
506
506
512
511
501
505
477
510
514
517
512
508
508
511
519
513
509
508
515
514
510
480
501
510
519
510
503
514
515
513
514
507
516
512
508
504
505
485
503
510
512
511
518
522
517
516
511
511
513
508
516
514
473
504
510
517
509
508
520
508
507
509
513
519
509
510
506
510
493
508
511
509
510
509
507
507
510
514
505
511
510
508
503
465
507
514
511
512
512
513
513
517
521
520
510
511
519
511
513
496
520
514
508
509
510
508
517
515
513
513
517
507
513
510
476
513
513
510
509
511
515
507
509
510
509
512
515
511
502
465
494
511
511
507
511
510
508
512
517
513
516
517
509
507
508
471
502
507
512
512
508
506
506
507
503
501
511
506
514
509
500
492
509
516
513
516
516
509
508
512
513
510
512
508
515
521
488
504
513
518
516
518
518
519
519
512
507
514
517
504
508
467
505
508
511
505
504
507
514
513
508
502
512
511
512
511
513
488
509
518
508
512
511
515
523
515
513
517
514
507
514
511
467
508
509
509
509
514
518
515
511
508
509
509
510
512
519
511
485
509
511
512
526
521
518
513
508
509
510
509
507
506
503
476
514
514
511
511
519
518
510
508
510
512
518
503
505
503
477
492
510
519
514
517
513
507
504
516
509
506
506
509
509
507
469
506
513
514
515
510
508
506
506
513
509
511
511
512
503
469
505
510
508
511
507
521
509
517
511
508
513
511
511
508
509
477
508
511
509
510
509
511
515
512
510
517
509
508
514
505
472
498
511
505
510
507
515
512
511
509
514
513
510
509
499
508
488
504
522
516
511
513
509
511
509
514
520
516
510
504
514
470
504
513
517
517
512
519
511
517
520
520
512
511
510
506
505
489
504
508
512
512
508
508
514
516
510
511
512
513
517
503
475
509
520
516
511
514
516
510
516
510
509
506
507
516
509
478
490
516
515
512
511
514
512
505
515
505
508
509
522
516
514
475
518
517
513
512
517
517
508
503
513
508
508
511
506
512
465
502
509
506
502
513
509
515
510
512
508
512
510
506
506
513
483
510
509
513
510
508
516
510
511
507
510
509
508
509
504
467
502
508
506
513
505
511
512
517
513
513
515
523
513
510
508
491
509
514
515
511
510
514
513
512
511
511
514
505
506
508
480
507
513
514
513
507
506
509
505
503
505
504
502
510
506
514
493
506
514
507
512
508
515
522
515
511
515
511
515
502
507
473
504
511
513
522
511
510
509
515
509
519
518
510
517
507
479
501
510
513
512
508
523
511
513
506
515
504
511
510
511
508
468
503
516
508
512
510
517
512
507
513
504
508
512
510
511
464
501
516
512
506
506
505
508
509
513
518
511
508
510
510
503
473
511
507
506
513
513
521
512
514
505
509
507
507
509
512
473
499
506
512
502
510
520
516
514
513
508
508
512
510
510
508
486
514
511
522
516
518
520
516
510
518
511
516
509
508
508
491
494
508
511
508
516
505
508
514
506
509
506
513
510
508
513
492
509
509
509
508
515
510
510
517
511
509
512
508
507
517
480
508
512
522
515
516
514
516
512
515
509
510
507
507
511
491
490
509
513
507
505
508
513
514
508
504
516
501
506
510
515
482
511
512
510
517
512
508
509
507
511
514
510
512
509
510
466
498
515
511
511
512
514
505
510
511
511
505
509
507
509
501
477
513
515
505
509
518
512
509
503
512
517
514
508
514
513
475
495
520
520
511
516
511
509
506
509
507
514
520
516
508
505
490
515
509
512
519
515
512
511
517
508
506
505
511
508
501
469
502
508
511
516
512
507
518
515
510
508
512
519
508
508
513
499
510
512
516
518
512
518
521
513
515
520
519
515
505
513
476
515
517
512
507
504
505
506
508
503
507
518
510
506
502
506
490
512
513
512
509
510
520
515
511
500
519
521
510
513
515
484
502
516
511
512
511
508
518
514
515
521
519
508
504
508
465
501
507
520
518
515
507
517
509
513
508
509
519
520
513
499
461
501
511
505
503
515
523
514
507
516
515
512
507
513
507
467
500
511
504
515
507
510
505
508
507
506
509
510
508
511
506
491
504
511
510
510
511
506
504
504
509
511
508
517
512
505
472
500
512
509
513
520
510
512
507
515
509
507
509
517
508
502
493
508
508
514
522
507
512
509
508
512
516
507
509
508
504
477
504
507
515
515
513
507
511
506
518
516
511
508
509
507
508
483
504
512
512
508
516
513
521
514
510
511
515
507
505
505
472
515
516
513
522
512
513
520
516
510
514
519
512
512
510
493
501
509
511
511
515
510
515
509
509
500
512
511
510
512
511
476
511
514
518
513
515
519
508
505
511
513
510
508
508
511
469
503
514
518
510
513
519
515
518
511
513
509
508
506
512
508
479
510
513
510
510
511
505
518
518
514
513
510
508
508
510
480
501
515
514
513
507
516
514
512
514
515
510
508
513
510
507
490
512
512
515
507
513
508
506
510
508
509
511
509
511
511
470
508
508
505
503
508
515
511
512
516
510
508
515
510
512
504
491
505
511
506
512
512
514
513
508
503
502
511
514
513
514
475
505
510
512
513
508
513
507
506
506
510
510
504
511
506
497
487
512
520
522
512
510
516
517
507
514
509
504
512
505
515
477
510
510
518
506
515
516
508
510
507
507
508
507
508
520
472
499
508
518
508
507
508
515
507
517
512
512
513
515
511
514
489
508
514
519
516
517
516
511
509
517
517
515
506
512
508
474
502
511
514
512
509
518
515
508
512
509
513
511
509
518
512
487
511
512
510
506
511
522
509
504
512
509
512
511
506
505
469
504
508
509
514
514
506
510
513
515
507
516
514
520
515
507
486
506
510
510
516
514
512
507
512
511
509
511
509
509
502
470
511
515
518
521
518
524
520
508
505
505
511
507
514
505
489
496
510
508
500
511
503
506
505
508
508
510
518
510
509
508
474
507
511
508
508
517
509
512
509
510
506
515
512
513
505
463
502
504
505
508
513
506
512
509
500
517
516
511
508
507
505
477
507
511
514
507
514
510
519
504
505
513
507
506
513
509
475
504
516
514
513
511
513
516
521
516
515
511
518
509
515
505
490
506
518
513
517
516
519
513
513
520
510
512
516
525
509
473
500
512
512
511
513
516
513
506
511
516
508
508
518
503
508
494
510
503
509
516
512
517
513
515
517
516
517
513
516
507
483
513
510
517
514
509
509
507
511
511
514
511
513
512
508
479
497
508
509
510
513
514
510
506
514
505
507
509
507
506
505
483
510
515
516
514
515
519
512
512
513
512
508
514
512
508
463
503
510
513
509
500
509
509
509
517
510
509
507
510
509
505
471
505
510
514
515
517
515
513
517
504
509
515
514
508
508
470
496
512
512
516
507
515
508
514
512
507
517
520
511
508
516
491
519
516
504
514
512
522
517
514
507
510
514
508
509
502
477
504
505
510
507
508
512
517
514
506
508
519
519
508
514
502
496
518
514
510
516
515
513
512
511
515
514
511
510
512
506
476
504
512
512
507
509
509
508
514
511
508
509
514
514
511
481
498
514
509
514
512
514
504
514
514
516
513
515
511
515
517
485
515
511
515
518
508
510
519
515
520
516
511
516
511
500
466
497
505
511
513
514
508
507
508
509
505
506
515
513
512
510
481
503
506
505
509
511
509
514
509
514
517
513
511
506
508
482
496
512
513
515
510
510
506
503
512
515
504
507
507
505
503
480
508
513
511
509
513
513
520
510
513
514
513
504
511
512
476
504
511
515
509
519
516
519
516
506
512
510
509
514
509
508
491
506
516
509
505
509
515
509
510
509
515
505
504
509
512
473
502
516
514
514
513
513
513
512
511
517
520
510
506
503
492
492
519
508
511
503
511
517
513
508
512
509
509
508
508
503
480
509
514
508
512
512
508
508
510
513
514
508
508
511
504
477
497
512
514
511
513
513
508
514
514
509
508
521
509
508
504
476
507
514
512
513
510
510
514
516
512
512
520
514
511
510
467
500
504
511
509
511
509
508
512
511
512
512
521
513
517
507
481
503
506
518
526
512
506
518
519
512
507
505
499
507
513
475
505
511
510
518
511
518
516
509
511
515
515
508
511
510
511
489
505
512
513
510
508
514
510
509
509
517
519
515
511
511
467
509
506
506
509
509
509
515
518
512
512
513
512
511
510
509
487
507
512
509
508
514
511
511
504
519
507
508
508
518
510
469
503
518
514
508
509
513
510
507
512
512
515
510
513
509
465
493
510
510
510
512
514
510
510
516
514
514
512
521
520
505
472
512
512
511
509
506
508
509
505
511
515
507
514
514
514
475
495
509
507
514
512
511
504
512
509
502
507
509
506
504
504
485
508
511
513
518
519
513
506
511
506
514
515
510
508
502
474
506
512
506
512
520
511
513
511
511
507
517
517
509
508
509
490
517
506
514
515
512
515
517
507
510
512
519
511
515
511
473
507
511
520
510
508
508
513
509
510
510
515
509
514
512
511
484
506
512
519
512
519
517
515
513
513
512
516
510
505
506
475
500
508
509
517
506
516
510
514
510
510
509
509
510
512
483
500
516
517
512
509
516
515
509
509
511
505
510
511
508
504
470
511
522
510
515
512
511
515
511
509
500
508
504
504
506
466
494
512
508
517
510
517
508
510
513
503
505
508
509
506
508
481
507
518
515
510
520
511
511
511
509
510
512
514
512
509
470
503
506
505
513
514
515
506
513
513
511
507
512
514
507
510
489
508
508
507
509
512
512
507
513
508
510
515
511
505
510
473
500
511
513
515
514
511
511
512
511
510
513
515
518
508
512
490
509
514
514
516
517
508
512
508
509
507
511
504
504
508
473
506
516
519
516
511
507
518
519
514
517
514
509
509
511
482
498
503
514
516
510
511
515
512
510
510
514
512
505
514
513
478
513
519
507
518
507
514
509
505
509
513
513
510
513
503
460
502
517
516
506
505
509
508
516
512
511
507
511
509
504
500
478
506
512
512
518
513
511
512
514
516
512
509
510
503
506
474
505
509
512
510
512
514
517
510
512
509
507
511
518
506
509
479
506
511
515
515
511
508
506
508
506
506
506
507
512
509
471
505
506
513
514
517
514
510
514
513
521
511
511
512
518
505
492
512
520
512
509
512
513
505
509
510
511
511
509
507
505
477
499
508
508
512
511
513
519
517
511
508
514
510
512
508
493
493
515
511
511
511
511
513
514
512
508
513
514
513
506
509
477
508
509
508
512
508
508
510
508
508
513
510
506
514
509
472
503
508
517
511
521
516
514
510
503
524
510
501
514
510
509
482
510
510
519
518
516
516
514
509
517
519
520
512
515
504
465
499
510
508
510
507
513
516
517
513
506
515
508
518
511
504
491
510
509
516
511
515
506
507
514
515
502
514
516
508
501
473
506
515
513
513
515
521
511
504
509
509
512
514
509
509
507
495
512
507
513
509
505
510
509
511
513
508
510
512
506
507
481
500
506
513
514
511
511
511
512
511
517
509
511
509
516
510
486
511
509
520
509
511
515
510
506
510
508
507
503
509
512
471
498
511
508
514
510
514
510
512
513
509
515
513
513
509
470
495
501
510
513
510
511
514
510
510
508
512
511
507
514
510
480
505
510
507
510
516
516
516
514
510
517
508
509
509
508
477
504
515
516
511
513
525
506
505
506
511
507
505
507
510
516
486
509
515
510
511
516
522
519
511
518
512
506
507
516
509
472
505
516
518
514
512
515
512
507
514
512
513
510
511
506
505
480
508
509
509
519
522
515
517
517
518
504
507
503
513
513
474
505
507
509
512
511
512
509
511
508
511
509
520
515
518
513
499
511
513
510
509
510
514
515
502
515
508
515
509
505
502
476
505
510
508
512
505
510
503
505
503
506
512
510
511
508
487
510
512
513
516
512
512
512
514
511
514
513
516
508
507
510
476
509
506
511
514
508
510
507
510
512
516
513
511
504
509
467
497
503
518
503
509
518
516
507
511
506
510
517
513
513
507
480
503
509
515
506
511
514
515
508
507
516
507
505
511
508
472
498
514
516
515
505
520
513
514
511
517
509
519
515
513
510
494
517
508
513
507
520
511
508
509
517
510
509
509
510
510
473
509
516
511
513
512
515
512
509
514
516
516
514
519
515
510
492
512
511
507
510
506
508
509
516
514
507
508
509
506
505
472
506
507
509
512
511
514
508
517
513
515
512
516
513
510
468
496
505
510
510
510
510
509
511
507
509
511
515
515
506
507
475
500
504
505
510
515
511
511
511
509
509
516
514
515
505
463
509
512
514
511
511
514
515
507
510
508
511
511
510
511
513
482
510
513
514
517
510
512
510
514
515
517
518
510
507
510
471
502
515
511
511
507
518
513
511
514
514
508
514
512
508
504
491
508
510
508
513
508
513
518
517
520
510
512
510
512
511
469
506
511
505
508
516
517
505
516
506
511
509
510
517
505
509
489
514
509
510
506
519
509
512
513
511
508
510
519
508
509
475
510
510
509
508
518
514
512
515
512
511
511
512
510
508
487
504
523
514
509
510
508
510
516
515
508
514
516
511
507
515
495
508
511
515
504
510
508
505
506
512
504
508
506
502
513
470
506
515
517
519
515
519
511
520
513
511
516
517
512
504
511
492
513
518
520
517
511
511
514
519
516
517
513
506
505
503
472
502
503
514
512
505
511
507
508
511
512
509
513
520
505
511
492
507
509
509
506
510
517
514
508
510
514
508
512
510
511
471
502
509
511
506
511
514
506
505
512
512
509
513
512
516
514
493
510
511
509
511
512
516
509
510
509
507
504
506
510
511
479
516
515
516
510
512
517
515
517
511
512
514
508
511
506
493
489
519
517
506
511
513
510
507
513
513
511
509
507
507
504
474
500
509
505
515
514
515
513
510
509
508
512
507
508
512
463
503
517
508
512
516
508
508
518
510
509
517
519
514
506
505
490
512
512
515
509
510
507
512
510
511
508
514
508
513
507
473
503
507
514
515
510
513
510
513
510
512
513
511
511
510
513
490
507
515
519
502
514
507
508
510
508
513
506
504
508
516
472
509
515
516
513
511
512
512
513
517
509
505
505
507
511
504
489
508
517
509
518
512
514
509
509
510
513
509
507
515
512
480
507
517
510
511
509
513
513
508
505
507
513
510
514
508
499
496
509
506
513
512
515
513
507
508
511
502
504
503
513
516
471
506
510
516
515
511
514
509
509
511
512
510
505
516
507
481
512
519
509
507
515
514
514
507
507
509
511
511
509
510
502
483
513
513
504
513
510
509
513
516
513
508
511
507
506
503
467
499
512
508
509
522
512
512
510
510
510
506
512
512
508
509
478
508
511
518
519
512
512
516
513
511
511
510
504
502
506
470
497
513
514
509
512
505
513
516
514
520
516
514
513
508
511
487
509
512
512
508
525
523
511
514
510
522
509
510
515
509
474
504
509
517
509
506
516
509
517
510
512
513
517
513
510
494
502
505
512
508
513
513
514
509
516
514
514
520
520
518
513
476
515
511
513
511
512
513
512
514
511
514
512
509
506
506
463
497
508
509
513
510
514
524
512
511
507
512
513
515
508
503
483
513
507
508
506
511
514
505
505
505
505
511
516
508
508
475
507
513
515
519
519
518
518
505
504
509
511
514
512
507
508
486
513
512
509
518
507
508
506
513
505
507
509
522
515
508
483
513
536
535
529
529
514
513
511
510
507
502
513
504
501
508
492
505
510
513
513
505
508
513
514
510
505
514
503
506
506
478
503
506
507
510
512
514
513
507
511
503
514
509
509
506
491
493
508
508
506
509
504
510
505
511
514
512
509
507
507
510
476
510
513
512
510
512
515
511
511
513
521
513
509
512
514
481
508
511
512
511
511
522
507
511
512
516
511
513
510
513
510
481
504
514
514
504
511
513
510
508
518
507
510
501
513
509
469
506
519
516
512
514
510
511
510
518
507
511
509
509
512
509
489
508
520
518
509
511
511
515
516
504
507
512
517
508
509
472
498
513
510
513
513
511
511
517
514
511
501
512
506
513
508
498
521
507
513
511
511
508
512
509
515
505
511
512
512
504
475
501
514
504
518
518
508
509
511
516
514
517
514
506
510
518
489
508
511
518
513
512
511
509
514
510
517
519
513
505
511
477
508
507
507
501
511
507
515
516
510
511
514
507
508
512
484
490
503
510
511
508
505
512
511
507
510
507
511
508
510
515
478
505
516
516
513
512
519
511
514
509
515
511
500
508
506
463
500
518
508
513
507
513
514
513
514
521
508
512
514
510
505
481
516
508
512
512
514
515
517
513
512
512
509
508
513
506
482
510
514
512
515
511
515
514
510
510
507
506
512
517
514
509
491
509
513
511
512
516
516
509
504
513
510
509
514
515
507
464
509
519
516
516
516
514
512
520
507
511
517
518
518
508
506
492
505
517
517
508
521
512
515
504
510
510
509
503
506
505
478
511
511
509
507
506
510
518
513
514
508
520
515
506
506
476
503
510
509
514
507
508
519
510
505
518
510
507
509
507
508
475
505
511
512
510
517
516
507
514
522
517
506
509
510
513
466
494
506
513
512
506
515
506
508
507
515
502
512
508
513
508
481
499
511
506
513
508
512
510
507
511
514
517
506
508
510
482
505
515
506
508
516
511
511
507
516
518
517
512
522
512
503
479
514
508
512
507
511
514
514
514
515
507
513
518
514
504
465
502
510
508
513
514
511
513
505
511
508
511
525
514
510
507
501
517
513
514
516
518
512
513
512
504
509
522
509
508
503
480
500
507
507
516
512
507
508
512
513
511
515
509
509
509
515
493
508
514
515
508
511
510
512
513
508
506
508
510
509
510
476
518
509
518
515
514
518
515
512
509
515
513
506
507
499
469
503
513
516
508
512
516
515
510
510
505
512
516
505
513
509
480
503
512
514
520
516
514
510
511
514
513
514
509
504
505
462
507
515
510
512
513
521
522
514
508
510
519
512
511
509
508
484
510
519
504
511
516
511
511
507
513
503
507
507
514
508
474
507
510
507
505
512
504
503
510
514
505
505
505
508
501
503
495
509
510
509
508
511
514
513
523
511
513
520
511
505
513
480
504
512
509
512
514
513
513
520
511
512
509
523
516
515
472
502
516
514
511
517
508
514
514
509
507
509
508
512
510
506
473
503
514
516
517
509
513
519
517
504
511
516
510
507
513
487
499
509
513
509
507
511
510
508
504
510
518
517
507
510
504
485
515
517
513
511
512
522
512
515
502
501
507
510
507
511
466
502
507
515
519
513
523
511
510
502
509
507
509
514
508
507
485
508
515
513
510
515
515
507
510
513
514
511
511
509
506
469
504
513
512
512
509
516
513
514
512
522
507
512
515
510
509
491
512
515
516
521
539
531
531
541
548
562
590
617
622
609
580
626
605
559
508
426
354
286
230
197
175
156
134
140
210
266
360
484
610
692
796
858
928
965
984
971
938
897
834
735
649
519
446
371
297
238
193
169
180
209
255
311
377
453
539
598
601
658
669
635
604
545
477
403
351
306
268
251
260
283
328
368
406
500
582
658
739
800
849
869
854
830
807
771
702
639
572
462
425
390
346
326
333
360
400
433
476
516
565
603
619
625
618
576
546
488
428
368
314
274
243
224
219
240
264
315
376
445
481
594
690
753
782
806
833
831
802
766
729
670
614
543
498
450
399
382
371
356
353
377
407
438
481
528
554
585
602
616
610
561
563
533
493
447
395
367
332
314
306
318
337
358
397
429
448
510
562
598
638
664
686
695
685
680
661
643
624
601
573
533
472
472
451
444
438
436
452
466
483
507
528
553
576
568
562
515
521
507
474
449
416
385
367
353
343
340
352
366
385
411
443
457
512
557
600
640
671
689
705
709
691
675
641
623
577
532
462
450
431
415
410
416
433
461
496
516
537
554
567
561
562
557
519
518
502
475
440
420
402
381
373
378
384
391
400
422
452
439
510
553
603
636
657
677
680
671
658
631
602
563
516
480
450
423
429
431
436
454
474
502
524
548
571
586
597
596
595
574
521
536
518
484
448
421
402
381
365
361
377
378
397
421
447
472
497
544
576
606
625
650
652
641
624
602
585
559
535
521
495
451
482
484
482
489
509
521
535
539
550
547
545
540
541
523
471
494
484
462
450
436
428
418
409
419
417
430
448
467
485
507
501
549
574
584
600
596
591
588
579
563
547
525
515
503
487
435
468
485
488
493
507
519
537
554
554
554
559
560
555
547
543
506
519
503
484
460
447
430
421
417
408
413
424
436
454
476
451
507
536
552
576
587
588
586
588
564
550
543
525
513
506
497
477
494
500
512
521
524
532
550
549
552
557
550
545
546
531
486
502
486
475
450
430
420
412
409
409
430
436
445
469
489
497
518
551
574
588
589
591
588
585
561
544
546
530
503
497
491
451
473
482
483
486
500
510
524
537
549
561
563
568
562
550
499
519
508
498
467
452
434
425
422
416
432
437
456
471
488
502
501
549
556
567
571
567
562
557
546
536
520
510
496
496
481
438
479
486
490
506
522
527
547
559
571
576
574
580
573
555
542
502
496
482
461
451
429
428
424
425
430
438
455
477
496
508
484
536
555
564
570
573
566
564
554
541
537
522
510
500
486
486
455
483
488
502
508
513
524
539
542
548
557
556
543
535
522
488
508
502
498
478
470
465
467
462
462
469
482
485
504
510
521
513
547
545
542
546
551
548
539
537
524
513
499
494
487
484
453
482
491
501
504
515
530
541
549
549
557
560
547
548
533
483
496
496
490
478
471
469
462
457
455
471
469
479
486
499
508
487
524
550
547
544
548
556
535
530
531
513
509
498
502
499
452
481
499
499
506
511
533
534
538
549
544
548
542
539
525
511
477
492
484
471
468
468
460
462
469
475
479
497
505
512
518
485
524
542
546
541
543
538
526
515
509
500
493
494
490
478
481
469
492
498
515
520
534
544
553
554
555
555
557
552
535
529
488
496
491
485
476
464
464
469
467
470
471
491
499
498
509
517
511
531
545
541
532
527
526
520
519
508
500
499
492
499
500
469
502
517
520
529
527
537
537
532
542
537
533
528
515
519
485
487
487
491
484
484
483
477
475
485
489
498
507
504
508
519
489
525
539
534
538
528
529
522
513
504
498
494
494
491
490
449
484
509
514
511
513
528
532
537
537
541
540
537
535
526
517
480
505
503
494
486
493
489
489
487
498
499
496
503
517
515
483
523
524
523
521
517
512
507
504
498
500
489
492
494
495
496
482
513
516
529
527
538
540
543
545
543
536
537
527
522
501
468
498
501
484
481
488
483
479
493
495
492
498
518
512
518
523
510
521
524
523
521
521
514
515
505
501
497
505
494
492
493
464
509
513
527
527
526
530
537
530
532
536
533
524
523
515
482
488
499
494
494
488
491
492
495
494
499
507
516
519
521
526
487
523
521
518
514
513
508
503
501
493
495
496
488
493
500
455
497
509
524
524
528
530
529
532
542
536
535
535
521
522
508
467
497
509
493
489
478
484
487
492
492
501
510
509
513
514
480
517
522
517
516
517
518
518
510
500
496
495
490
499
496
499
473
506
515
520
521
523
527
528
532
533
530
519
514
509
508
470
492
498
489
493
495
502
494
497
499
508
515
512
521
521
520
507
517
523
517
517
506
503
500
502
503
499
493
496
503
494
459
501
506
513
533
530
530
526
534
527
527
527
523
520
509
492
491
501
501
505
499
496
497
503
506
511
507
508
512
517
519
481
519
512
519
510
511
516
512
501
505
506
505
504
503
507
463
503
511
514
521
524
526
523
522
523
523
517
512
523
513
506
472
498
497
505
501
503
509
501
508
502
515
514
514
513
512
467
519
518
521
521
519
515
514
507
508
507
501
500
505
506
505
479
514
520
519
515
516
521
516
521
527
526
523
518
512
512
467
502
508
505
504
497
503
509
504
510
499
504
504
519
514
515
498
513
518
515
513
514
511
509
513
503
514
505
507
506
506
474
507
512
516
516
521
521
519
530
524
525
520
518
506
503
468
493
499
502
499
494
498
496
503
507
500
501
507
511
515
514
486
515
515
519
519
512
513
515
515
506
503
500
503
505
502
509
489
506
512
515
510
517
517
527
519
521
518
515
509
510
513
480
503
501
508
503
513
510
506
506
510
508
514
512
513
510
471
498
512
516
512
507
504
511
503
504
499
502
499
508
506
507
483
503
515
522
514
528
524
520
518
518
514
513
513
511
510
468
495
503
503
505
505
507
508
509
508
520
515
524
521
515
515
500
511
513
512
512
514
511
505
506
507
508
509
506
509
508
471
509
516
511
517
524
514
513
516
517
517
515
513
513
508
495
499
508
511
516
515
513
509
512
511
510
508
511
515
514
509
483
509
511
513
511
503
507
509
506
502
502
512
512
507
506
477
496
514
514
518
520
515
517
519
510
510
514
513
510
509
503
478
499
510
507
513
512
510
516
507
507
508
518
507
516
507
477
507
515
511
516
504
506
508
504
504
505
511
497
501
507
509
477
502
512
520
508
520
522
518
518
512
514
515
509
520
510
467
489
509
509
508
501
506
513
516
512
517
512
518
520
514
507
491
511
513
515
510
522
510
505
506
503
508
500
505
508
502
475
503
515
514
515
517
523
517
517
519
517
521
514
510
511
511
501
516
509
512
506
518
511
506
512
515
509
515
510
509
510
480
510
512
511
511
514
514
506
514
507
512
510
515
516
509
470
498
513
514
513
520
519
515
513
512
511
506
510
509
507
510
482
505
503
504
512
510
504
509
511
513
506
512
517
515
514
467
497
509
510
515
514
513
507
505
505
501
501
513
505
518
515
485
510
516
522
525
513
512
514
514
508
510
516
503
510
511
463
499
507
506
505
501
509
511
509
511
514
516
513
510
511
513
496
517
510
507
510
514
522
511
511
509
513
506
503
506
505
471
506
511
521
510
514
517
514
518
509
515
511
507
509
509
501
497
513
510
512
502
506
509
506
511
506
508
512
514
513
508
483
505
521
524
514
520
511
516
512
517
511
511
508
513
511
473
498
511
511
512
510
512
511
515
514
516
507
505
511
508
513
473
506
510
510
508
517
520
511
521
506
509
509
514
512
511
465
503
510
515
506
508
503
506
513
510
509
510
518
517
513
506
483
504
520
510
510
509
505
511
506
512
506
515
506
507
505
506
488
502
510
511
505
514
515
510
513
515
512
520
518
510
515
484
509
511
523
511
504
513
514
510
507
509
515
511
505
515
469
499
508
518
525
511
511
512
513
511
507
511
508
504
502
506
490
509
516
510
509
520
521
513
513
514
515
518
509
516
510
475
505
512
510
513
515
508
507
511
507
506
508
506
512
502
474
494
510
506
511
514
510
514
514
507
517
513
510
512
510
502
471
509
516
514
515
511
512
502
510
519
506
506
514
512
515
462
496
505
510
503
510
512
507
512
509
507
513
509
509
513
508
483
501
518
514
514
517
519
512
513
513
508
510
506
508
513
469
510
508
509
508
516
515
513
521
509
508
514
519
516
512
511
486
515
516
515
516
511
517
514
506
506
506
514
513
507
512
478
504
516
514
520
517
515
524
515
507
509
522
513
509
508
517
496
508
516
512
505
519
511
515
514
512
517
517
513
507
514
482
500
514
517
516
506
510
506
508
507
514
513
506
504
508
475
496
511
513
520
516
517
520
515
508
509
505
510
508
510
508
475
511
506
513
508
505
513
509
510
506
510
512
510
512
503
461
501
513
510
510
505
505
511
511
505
508
506
508
512
513
510
475
520
515
509
508
508
509
511
509
516
507
510
504
508
505
464
507
507
506
507
513
512
516
512
507
510
508
519
508
507
502
478
504
504
505
516
511
509
505
509
511
505
505
508
507
509
477
509
510
515
520
517
515
513
515
512
513
513
521
508
511
511
486
508
510
515
514
513
508
513
513
506
512
512
513
511
510
468
505
514
510
514
515
516
526
512
512
503
508
512
510
510
493
500
513
509
506
513
509
515
510
507
508
511
511
509
506
507
480
507
513
516
512
519
523
515
510
510
518
508
506
509
503
476
499
511
516
514
506
515
510
510
508
515
512
516
507
510
515
480
500
520
509
515
510
518
514
512
521
513
507
514
511
504
466
497
510
514
515
512
512
512
514
518
508
509
516
517
510
511
486
508
511
510
502
508
509
511
511
507
509
508
517
520
514
479
505
505
514
517
520
524
511
511
505
506
506
515
513
502
508
491
504
509
514
515
513
511
505
510
508
514
513
502
513
500
507
494
502
508
510
503
517
509
509
507
507
511
505
507
506
502
499
506
511
520
510
514
517
517
514
506
512
518
509
510
508
477
509
508
513
510
509
512
515
519
507
509
511
513
514
511
474
500
508
518
513
511
512
517
514
507
511
515
512
509
511
510
473
505
512
512
515
506
514
510
506
510
512
508
508
510
510
471
511
519
513
510
509
508
509
510
515
516
508
507
512
508
512
492
512
516
512
507
514
506
514
509
515
511
513
515
512
502
475
510
513
522
515
522
509
508
509
507
512
517
512
506
499
509
490
506
510
510
511
515
515
515
516
515
513
502
513
515
506
469
510
503
506
508
507
507
508
508
508
506
503
514
515
510
496
499
510
509
511
520
509
511
511
508
507
503
512
522
511
512
472
502
507
514
518
522
513
517
510
502
506
520
508
511
511
469
501
508
506
512
508
511
510
519
509
507
520
513
510
515
512
480
504
510
516
520
511
507
507
512
511
520
517
520
520
515
468
499
507
521
514
507
509
510
507
508
513
513
509
507
513
510
479
501
514
507
517
513
510
507
520
516
514
521
514
515
511
472
505
508
511
506
509
520
517
520
509
511
512
508
513
507
503
489
511
514
510
510
513
512
509
513
514
510
506
510
515
507
477
499
512
507
510
518
513
509
514
507
513
510
512
510
521
482
506
508
513
509
517
509
518
517
511
515
512
515
517
513
510
486
517
512
515
512
512
515
509
510
504
505
508
512
507
506
464
493
508
510
516
507
508
516
516
513
512
509
514
510
511
511
478
501
507
513
511
512
513
521
512
515
507
509
504
508
504
464
495
505
507
512
505
505
505
513
506
502
516
508
509
505
508
486
504
511
512
509
513
519
514
512
515
509
517
510
514
509
469
504
509
515
509
512
517
506
502
516
511
510
511
504
507
506
492
515
512
511
512
517
520
513
513
519
516
513
514
512
519
475
504
510
510
511
508
517
514
512
512
512
510
509
512
512
519
495
509
513
510
512
513
511
512
516
511
511
511
512
512
505
473
517
511
509
514
516
513
513
510
517
509
510
511
515
509
466
500
512
518
512
516
516
508
521
519
511
509
516
510
510
508
473
498
506
506
511
507
511
511
522
506
505
521
508
509
506
493
492
508
519
520
507
510
515
510
504
504
510
515
506
504
509
473
506
505
514
513
508
509
514
505
505
507
512
504
506
512
469
499
512
516
506
504
505
507
505
502
503
516
506
511
513
505
484
506
516
513
511
516
517
518
515
510
515
510
510
514
510
468
503
511
520
512
510
511
508
507
509
515
512
511
507
509
507
493
509
507
512
513
516
517
513
513
520
512
509
514
512
512
477
510
517
504
518
517
516
516
508
517
515
512
520
512
510
474
495
509
516
508
513
506
510
509
516
506
516
511
519
509
514
470
508
513
516
515
509
510
508
513
510
508
506
512
509
512
464
497
510
515
511
510
509
508
516
517
508
507
517
504
514
509
480
499
510
507
509
516
508
513
507
505
506
509
507
510
501
478
504
510
510
509
507
508
516
508
506
505
516
511
511
507
515
487
510
507
518
516
514
514
510
510
512
518
516
512
507
505
475
510
507
512
505
504
510
512
513
512
516
511
507
509
515
510
489
507
513
519
509
513
519
513
514
513
517
517
519
510
505
477
506
514
512
502
511
517
509
511
509
506
510
503
517
511
490
492
512
509
512
511
520
518
514
508
515
508
515
515
508
511
484
511
515
511
512
522
515
510
514
515
510
509
513
515
506
466
501
503
506
507
513
510
511
516
512
507
513
511
505
513
504
490
498
516
512
514
514
515
509
509
508
510
513
522
512
503
475
503
508
506
517
510
514
521
516
509
505
513
516
514
507
514
489
507
515
514
510
506
509
509
511
509
512
518
517
509
511
477
514
512
515
520
517
520
522
508
506
509
509
512
514
506
509
494
510
513
512
508
505
510
506
509
508
513
510
509
503
501
467
505
509
504
506
509
517
514
516
510
517
510
511
507
502
486
495
512
513
514
509
515
522
515
506
510
509
513
507
514
503
471
507
515
513
517
507
506
506
504
510
511
507
503
514
510
470
503
515
512
508
506
508
516
508
511
514
506
506
514
510
509
472
504
512
513
513
510
511
514
517
511
509
515
518
509
504
460
500
515
516
513
512
509
508
512
513
512
505
518
512
511
509
485
510
515
512
515
511
515
516
516
513
508
519
520
518
512
482
494
510
516
512
506
510
510
511
508
509
503
515
516
507
512
496
516
515
511
503
512
509
514
511
515
511
511
509
510
515
476
512
512
517
517
516
515
510
518
514
512
510
509
513
515
503
493
506
514
510
510
513
512
512
513
511
516
515
507
513
512
482
504
510
509
510
510
514
511
513
511
514
514
513
513
510
470
503
516
510
514
510
511
511
507
509
522
515
511
512
511
510
472
509
515
509
509
514
514
511
505
508
506
509
506
514
507
473
498
510
514
511
512
517
514
510
515
515
508
509
516
509
506
475
504
514
510
514
511
517
511
516
515
508
511
512
508
502
464
505
512
507
508
507
508
512
509
512
510
510
517
509
507
509
494
511
510
509
506
511
511
511
506
510
505
512
505
509
515
478
513
513
512
513
511
513
525
519
508
505
511
506
507
505
491
488
508
510
511
516
511
510
510
510
510
515
517
508
518
508
478
514
519
515
513
517
517
516
511
513
522
513
511
517
523
482
499
504
512
511
507
511
514
518
516
508
509
507
505
510
506
475
502
507
508
506
510
514
512
511
511
510
504
515
517
510
477
512
520
517
515
519
512
519
506
508
509
508
512
512
507
500
485
508
511
512
507
508
503
514
511
510
504
509
507
500
505
474
503
509
507
510
515
509
511
508
509
508
509
509
508
511
504
484
505
507
511
513
510
519
515
510
507
510
508
509
516
506
471
507
505
505
519
517
506
512
513
507
506
506
514
504
504
509
492
506
513
513
512
505
503
512
510
508
509
513
513
508
512
481
513
515
513
516
512
510
513
516
508
511
514
512
503
506
475
505
507
508
515
513
510
512
512
512
516
511
508
507
514
513
466
503
513
512
516
524
518
511
515
513
512
519
513
512
508
476
504
504
514
506
513
522
508
508
515
522
506
514
505
503
509
481
506
514
508
517
514
513
515
507
514
505
514
511
507
509
469
506
513
506
510
513
509
512
510
518
506
503
505
504
510
506
486
511
509
512
511
523
513
515
515
504
507
510
506
507
509
477
511
508
514
505
508
508
509
517
509
500
506
514
506
506
507
499
512
512
511
520
512
514
514
511
512
513
521
506
507
513
474
500
507
510
510
505
510
509
513
511
506
511
508
507
504
494
498
506
510
515
513
512
507
512
506
501
509
508
515
511
512
472
511
510
515
516
517
506
515
508
508
509
519
512
510
516
464
498
512
511
509
510
513
517
511
513
516
511
510
510
510
507
481
505
516
510
513
512
515
506
511
504
509
510
510
514
514
474
503
515
514
511
509
513
513
514
520
515
511
511
507
513
505
480
519
518
520
516
514
509
510
512
510
513
504
504
509
518
473
507
516
517
515
525
512
508
510
516
508
509
513
512
513
506
485
517
517
508
512
512
517
509
507
506
506
515
512
501
507
476
503
502
513
508
513
515
514
518
520
510
518
512
503
504
475
504
509
513
509
508
507
509
508
508
508
509
513
507
509
503
475
501
507
518
520
520
519
524
512
512
506
510
513
505
500
463
498
505
512
507
505
508
510
510
512
510
517
508
510
510
508
472
504
511
512
511
511
514
510
509
504
512
512
507
511
501
471
500
513
515
508
512
510
512
512
510
513
512
512
512
508
512
486
505
513
516
520
513
517
510
509
513
503
505
509
510
506
472
501
513
514
510
509
510
510
509
510
517
510
514
519
509
508
493
519
514
515
511
511
508
511
509
507
509
506
509
514
507
472
509
505
510
514
519
519
514
514
511
513
510
514
511
512
491
488
509
513
506
515
516
512
508
516
515
511
518
512
513
516
483
516
509
508
514
517
509
513
512
512
516
512
519
509
507
464
502
509
509
513
515
507
511
511
512
507
511
515
506
505
506
480
502
514
515
506
508
509
504
508
513
516
513
509
512
509
464
499
512
517
513
515
512
520
515
510
514
518
509
510
507
504
489
507
514
517
509
511
514
512
507
508
507
510
508
507
511
465
505
509
514
506
512
515
507
515
509
514
515
512
509
512
511
489
510
512
514
516
518
513
509
515
516
510
507
510
510
511
479
503
512
521
512
512
507
510
514
518
512
510
511
503
505
487
500
514
509
512
517
516
509
509
516
510
515
511
515
511
507
476
504
512
508
510
508
508
515
513
514
513
513
513
507
509
470
504
512
511
515
519
512
505
512
509
510
505
513
512
509
504
477
508
509
513
511
511
513
507
508
507
507
514
512
512
509
472
499
509
521
513
512
503
508
515
520
510
514
509
509
506
506
475
508
510
515
512
510
518
512
516
513
509
513
513
512
518
474
503
514
519
516
511
520
513
517
505
509
511
510
510
511
514
489
506
514
512
506
510
511
512
514
513
515
516
508
513
512
467
511
516
505
511
510
507
515
515
510
504
508
505
505
507
498
493
513
512
517
513
508
509
511
509
509
508
505
507
507
507
481
509
512
516
509
511
509
512
509
510
506
509
508
507
504
464
494
504
511
520
520
511
519
518
517
515
509
516
521
513
510
474
505
513
514
511
510
511
516
520
508
503
509
509
508
507
465
500
506
517
514
504
506
506
511
504
514
514
515
508
513
507
480
501
513
518
514
510
521
519
508
511
505
509
508
509
505
466
495
511
516
514
517
517
525
518
512
511
514
514
510
509
508
499
516
518
517
516
521
517
512
517
511
512
508
501
509
505
463
501
504
512
515
512
514
515
512
515
515
512
510
506
508
500
503
511
517
504
513
513
512
514
517
513
512
504
507
512
508
473
504
511
512
509
513
511
510
515
508
507
502
509
520
519
478
499
516
516
510
514
508
514
511
515
513
514
506
513
502
499
476
504
505
503
508
506
506
508
509
511
507
515
515
500
503
465
499
509
505
514
522
518
514
510
512
509
509
507
509
512
507
496
510
510
507
508
512
508
508
512
511
508
514
509
511
506
481
505
511
513
520
514
508
504
507
517
517
511
512
511
511
513
496
508
507
510
505
510
501
511
511
514
508
516
513
514
516
478
512
509
510
509
507
508
517
516
516
515
515
512
513
505
511
488
510
520
513
515
509
516
510
514
515
508
507
511
506
508
481
508
510
515
510
511
516
515
508
508
515
509
513
508
506
478
495
510
514
512
506
512
504
511
508
520
513
513
510
510
511
477
506
511
511
509
516
515
511
512
518
515
511
515
514
512
473
508
516
517
502
506
506
511
504
513
512
508
504
509
504
503
472
499
507
508
508
511
508
510
520
508
510
507
513
513
506
470
512
514
505
516
516
507
508
511
511
511
511
511
508
507
508
489
501
514
508
514
509
508
504
512
511
507
512
509
507
511
468
504
516
511
516
513
512
510
517
505
508
515
514
512
505
509
489
513
515
520
519
511
509
510
513
508
509
507
504
503
504
470
497
509
512
506
506
516
513
514
507
512
514
512
513
514
492
499
514
515
510
513
512
511
518
511
510
509
509
512
522
512
485
508
515
510
516
515
516
514
507
505
516
521
521
521
512
473
499
521
515
518
516
518
514
512
508
510
510
509
508
509
506
480
515
511
513
510
513
508
507
508
510
508
507
507
510
503
471
506
511
509
507
512
512
514
512
513
506
507
507
504
513
509
489
509
510
512
516
511
515
515
516
510
505
511
515
510
506
472
506
508
510
516
514
515
509
512
512
509
503
507
512
502
506
481
509
516
509
513
504
505
506
511
510
515
513
515
519
514
474
502
510
515
514
512
511
517
512
514
508
516
512
520
513
483
496
512
514
522
511
522
514
515
503
508
513
515
517
516
512
468
502
509
519
510
508
510
513
504
509
509
506
502
503
510
464
502
507
502
502
507
505
513
513
516
514
517
513
515
513
509
473
507
515
505
507
512
508
516
511
506
509
514
512
513
510
468
506
517
514
508
502
514
509
516
509
513
513
515
520
512
504
491
515
513
508
507
511
512
516
512
502
501
507
516
509
503
470
503
507
517
510
517
508
510
507
512
507
511
513
515
509
512
488
512
514
514
511
509
503
510
508
509
504
510
512
512
503
474
500
513
511
518
511
507
512
511
508
517
517
518
510
508
507
479
502
521
511
514
512
517
528
511
516
515
506
504
508
510
478
506
509
518
514
505
511
516
510
505
512
511
506
513
503
479
486
508
520
511
506
517
516
512
505
505
505
517
516
512
508
475
503
511
509
512
519
513
521
512
510
515
504
505
504
510
473
501
512
508
508
511
524
512
511
506
512
515
513
504
512
506
480
513
509
502
506
517
512
508
510
515
512
517
511
521
509
471
514
516
510
516
515
514
509
511
518
512
515
509
512
507
509
492
505
511
510
509
521
519
520
521
517
512
512
514
513
513
476
514
516
511
506
517
512
515
511
507
515
517
518
509
509
506
499
504
512
519
512
514
510
510
508
507
511
512
506
512
505
469
505
507
513
511
514
507
512
510
512
504
512
510
510
506
478
494
508
513
515
514
509
511
519
508
515
523
508
509
505
508
478
500
507
514
512
513
516
514
510
510
513
514
512
512
512
473
499
516
514
511
505
507
510
514
511
507
506
511
508
508
503
484
509
512
508
508
509
509
505
506
500
512
513
512
506
512
467
494
516
509
509
508
516
508
510
507
512
510
511
513
508
509
479
513
520
520
509
506
510
517
509
515
509
515
513
512
510
469
512
514
517
507
515
511
505
509
509
512
507
508
509
507
507
492
515
511
511
521
514
516
510
520
510
510
511
511
513
509
475
505
515
510
510
516
511
504
515
516
512
520
517
516
515
492
494
510
509
518
511
511
515
514
512
515
512
511
515
512
513
477
503
507
510
505
514
510
505
499
506
514
514
511
515
509
474
502
513
510
511
509
508
517
507
510
514
511
509
509
505
515
486
507
515
517
510
514
513
515
508
514
510
515
508
519
513
477
503
506
517
511
515
517
517
513
507
520
510
508
508
510
512
486
513
516
507
509
510
512
506
506
514
503
506
501
508
506
469
503
514
506
510
512
517
511
507
506
512
503
510
511
511
499
491
507
512
512
510
503
510
514
512
516
506
511
514
510
508
472
507
505
508
520
519
511
509
509
515
504
509
515
506
507
479
507
510
510
507
514
504
509
510
511
510
508
507
507
506
509
478
506
504
516
517
517
517
506
511
512
511
510
510
509
503
510
493
506
507
514
510
510
513
519
511
511
517
516
515
510
512
486
514
507
516
512
515
516
513
517
518
524
523
512
517
507
467
507
515
513
509
512
512
506
508
505
506
514
512
511
510
517
489
512
514
509
510
512
515
511
509
507
507
511
512
512
507
469
502
513
515
506
505
510
508
507
510
509
502
508
510
506
511
485
510
508
513
511
515
513
517
510
510
510
511
506
507
509
475
504
514
514
517
517
509
505
510
518
511
514
508
509
503
497
488
507
507
509
511
508
512
503
516
509
511
504
511
510
509
475
506
514
511
518
513
505
515
520
512
510
507
511
506
509
465
501
514
516
515
516
514
516
520
514
514
516
520
517
515
502
479
507
512
516
513
515
522
510
511
507
505
508
513
505
509
470
506
515
514
515
514
516
511
509
505
507
511
513
512
506
510
483
506
509
517
511
514
514
516
512
513
510
511
511
506
511
474
508
512
511
514
509
512
513
508
511
510
511
508
509
509
509
489
516
512
512
514
515
520
510
514
508
509
511
509
515
510
477
502
516
512
512
506
511
513
516
509
505
507
505
508
505
492
488
515
514
513
516
519
512
511
515
507
507
510
510
507
505
482
511
509
511
516
518
513
507
510
511
511
508
507
515
505
463
500
517
515
515
521
520
515
518
514
510
507
507
514
504
503
477
503
501
510
513
511
508
511
508
516
510
514
509
502
508
469
494
504
504
512
515
515
512
514
511
513
514
514
515
505
506
475
511
510
509
512
505
508
513
506
507
504
509
512
509
510
469
508
515
513
514
513
509
518
512
512
509
511
510
506
512
517
491
507
510
513
512
512
517
520
510
512
519
514
509
519
510
471
500
505
513
520
510
519
513
510
513
517
516
515
506
513
505
501
517
516
512
510
510
508
518
514
520
511
511
518
521
513
471
510
518
511
518
529
524
515
519
519
505
507
508
507
501
460
497
514
507
513
510
512
513
511
508
506
504
504
515
511
505
474
506
515
510
510
518
512
518
508
512
517
509
518
510
511
469
506
513
510
509
511
503
507
515
515
507
511
510
511
508
511
488
503
509
508
510
508
504
504
510
504
504
509
502
509
502
477
507
503
507
514
507
510
516
509
507
506
508
510
510
507
508
492
510
507
510
509
511
512
513
510
504
509
513
506
510
507
471
500
514
518
517
511
513
517
512
518
511
515
510
509
507
501
495
507
513
509
504
509
511
511
518
513
513
519
514
517
519
487
507
508
512
505
505
511
511
508
512
513
510
506
507
508
483
495
512
512
507
513
518
513
508
510
512
510
519
512
512
509
471
510
512
514
515
518
520
518
512
512
511
514
512
508
508
468
501
515
512
508
513
508
518
516
528
515
520
517
513
504
507
486
511
509
512
511
511
514
510
522
512
513
514
517
509
509
472
504
511
514
512
514
511
509
511
507
509
506
509
509
512
510
490
506
516
513
511
508
507
510
508
507
507
507
499
506
507
466
499
506
510
511
512
510
514
511
513
512
516
526
511
506
514
496
506
510
514
511
510
509
509
511
503
511
510
508
501
506
477
510
506
509
507
504
505
510
512
515
510
514
514
512
506
474
501
507
514
512
510
509
518
508
510
505
507
510
511
512
511
481
507
514
515
512
521
521
516
518
515
509
514
517
513
508
476
502
512
518
514
508
511
511
517
510
515
510
516
509
509
509
480
513
519
514
508
511
519
512
517
514
511
504
510
507
512
464
503
512
514
518
519
502
509
510
515
513
519
513
509
506
502
488
509
515
518
523
512
514
512
514
510
512
509
510
512
512
480
513
519
507
517
519
509
511
507
514
512
510
506
513
510
501
475
513
507
509
506
512
508
512
508
509
505
516
510
510
510
484
500
505
513
513
515
507
514
506
506
508
512
502
509
508
488
495
517
512
513
517
513
521
510
511
517
519
505
509
510
512
484
511
509
509
511
514
509
515
507
503
516
510
507
509
514
467
499
505
511
511
515
512
509
505
513
517
512
514
513
508
504
483
506
510
507
509
511
507
507
507
517
510
509
512
508
510
464
498
512
511
510
511
511
513
514
510
512
515
512
513
511
508
484
517
519
516
514
513
505
506
516
524
513
512
508
506
510
480
506
511
518
510
510
510
516
510
517
511
513
511
507
513
508
490
513
507
506
512
513
512
505
507
508
509
517
513
509
504
482
506
507
511
505
508
509
508
511
513
512
512
512
505
505
511
493
509
510
511
505
508
512
517
506
507
510
514
515
515
518
478
502
508
515
509
507
506
509
511
511
509
517
515
514
511
472
502
509
514
520
510
511
515
516
513
512
515
512
514
509
505
471
505
511
517
512
510
512
512
509
506
515
516
509
502
515
465
497
516
516
517
518
519
525
516
512
507
509
507
507
513
513
495
519
513
510
506
515
512
505
505
512
504
518
511
508
510
473
507
506
518
510
516
512
512
513
513
509
513
509
509
508
515
489
511
511
509
515
509
509
507
510
511
515
512
517
510
512
478
501
508
509
507
520
513
508
518
512
508
514
510
505
508
498
499
511
511
512
514
509
510
511
512
502
508
518
507
509
508
477
504
511
514
508
512
505
506
506
502
508
513
515
514
506
467
502
512
512
512
514
516
511
517
508
507
514
518
506
508
511
483
509
511
522
515
517
514
515
510
504
514
508
509
512
520
467
499
507
515
511
513
515
519
509
506
512
510
506
503
511
508
488
506
514
516
507
510
514
509
517
508
516
515
504
509
510
471
508
512
514
511
505
509
513
507
510
510
511
514
513
506
509
485
518
504
509
510
517
518
519
511
511
508
506
505
513
507
476
509
512
511
509
513
508
510
511
515
512
509
516
515
509
488
494
506
509
505
519
512
510
507
510
510
513
506
506
508
511
484
506
509
516
516
515
511
509
515
511
512
512
513
502
501
468
497
509
510
518
509
508
511
519
513
504
512
507
511
515
514
482
506
517
515
506
515
508
511
513
505
508
517
514
513
515
477
511
504
506
513
517
508
511
509
508
506
514
511
510
510
508
483
516
513
511
507
507
516
515
514
509
512
510
507
512
510
471
497
508
515
508
515
519
512
509
514
515
510
513
511
516
512
491
518
513
512
505
506
513
508
513
510
509
507
503
515
511
475
495
507
515
509
509
510
514
510
517
509
513
506
518
509
506
492
514
513
517
518
505
510
514
521
513
510
509
510
508
510
476
513
512
509
511
511
508
510
514
515
512
508
517
510
506
466
496
511
518
512
515
508
519
514
517
515
517
523
509
509
506
480
513
526
523
519
510
507
506
508
507
503
508
503
505
499
507
494
501
506
510
504
511
506
508
510
505
513
513
505
526
534
502
546
570
576
594
638
621
624
618
649
614
557
495
409
329
222
184
145
135
131
97
112
191
287
368
512
663
754
857
905
991
992
1023
1023
940
876
798
684
595
492
372
309
225
168
139
129
124
207
283
358
424
515
596
673
695
702
688
647
602
524
439
320
296
262
222
212
233
271
328
387
468
540
622
715
797
859
887
862
865
840
802
753
681
604
532
452
391
345
312
300
330
353
363
447
502
549
599
642
657
648
625
583
519
460
390
328
266
229
186
190
201
221
275
350
417
495
582
667
752
791
830
844
847
803
796
754
696
640
571
504
451
417
380
350
336
333
354
377
407
446
501
552
581
613
626
627
633
599
566
522
471
420
363
324
272
286
291
317
340
372
416
469
510
556
598
635
667
687
694
674
669
671
659
634
604
573
551
514
481
447
442
430
423
432
451
441
491
528
556
571
583
588
577
551
533
497
463
422
385
363
299
317
322
330
347
373
402
439
476
511
558
593
627
665
695
710
698
716
696
667
631
594
553
506
460
424
410
400
393
413
437
432
497
534
555
575
582
582
574
567
540
517
478
451
424
396
379
353
374
371
377
386
414
428
458
490
536
576
616
653
680
686
650
669
651
615
582
538
492
461
432
414
410
421
439
458
480
508
523
569
592
605
619
611
597
576
554
522
486
461
423
396
373
331
345
351
362
386
405
432
461
507
537
575
608
629
641
655
654
622
619
596
573
556
519
500
481
481
477
480
484
497
506
528
507
546
560
559
549
549
540
523
509
486
468
453
441
426
411
375
396
414
429
441
460
484
503
522
551
572
591
602
604
606
600
558
567
555
535
514
502
496
475
472
471
480
499
493
511
535
503
543
564
566
561
565
557
552
538
521
505
485
464
452
432
420
402
406
406
406
421
439
460
483
506
540
557
572
583
592
593
555
570
562
544
532
526
496
493
489
496
492
497
511
527
531
540
532
568
565
561
558
552
541
525
520
499
475
450
445
422
406
372
398
402
413
430
456
479
504
532
556
570
589
606
607
590
558
553
557
533
522
511
495
479
481
475
472
478
488
491
503
518
504
545
564
563
578
582
570
558
553
525
501
476
459
435
424
379
398
417
427
441
460
484
502
514
542
555
577
569
565
567
556
524
528
529
515
506
493
479
482
476
478
490
504
518
521
542
520
554
581
588
584
574
562
549
539
511
477
463
438
431
419
410
392
414
427
436
463
481
504
516
540
553
567
579
577
578
571
526
541
540
535
508
504
502
494
480
483
484
485
489
504
522
528
522
551
557
556
557
550
546
532
517
503
487
473
468
463
451
427
464
467
481
489
495
502
514
530
538
543
544
549
558
551
536
516
530
525
506
499
494
485
480
486
487
491
521
528
528
530
512
557
563
563
570
558
541
536
515
506
499
479
468
463
454
408
450
470
478
491
481
494
501
512
525
536
544
543
550
557
544
502
533
536
519
515
500
490
494
490
500
495
504
504
518
522
495
539
552
543
543
541
542
534
508
493
484
472
471
460
450
456
442
479
491
491
503
516
529
533
539
538
552
553
544
535
528
479
490
498
492
484
478
476
479
484
482
498
508
516
533
537
546
533
568
571
562
545
539
529
513
495
484
478
476
464
470
459
432
466
481
489
495
494
499
506
514
520
523
525
539
534
527
534
511
530
528
520
518
500
487
490
497
508
514
516
525
533
542
502
542
554
546
549
539
521
500
489
488
484
473
468
466
469
447
458
495
501
510
504
512
517
529
527
528
533
536
541
531
525
485
507
517
498
490
488
491
487
485
495
499
506
522
523
521
537
512
543
537
540
529
519
522
516
502
491
490
492
483
471
478
457
482
487
498
499
508
515
524
534
527
533
533
521
520
516
474
493
509
507
501
489
491
499
500
498
519
523
529
540
547
543
519
546
548
540
539
530
514
513
500
484
478
471
470
473
476
447
495
497
508
516
526
530
536
530
528
537
530
527
526
520
506
490
504
500
491
492
491
489
496
496
511
517
522
519
528
535
498
529
531
536
522
533
517
515
507
508
497
499
495
495
493
460
486
515
523
526
533
531
536
533
528
522
517
518
508
501
495
465
491
504
495
495
496
500
492
497
507
509
517
517
523
525
483
529
548
553
526
525
527
515
505
498
494
481
488
491
478
480
462
494
499
506
507
511
516
526
530
531
524
530
520
519
514
472
486
518
508
493
484
490
493
491
499
506
517
522
522
521
525
502
522
531
528
519
513
514
509
497
493
496
491
485
494
502
457
495
507
519
514
516
521
523
519
522
527
519
516
507
507
505
480
495
492
492
499
493
492
488
500
501
508
524
524
532
533
499
523
536
522
521
522
522
511
511
511
499
498
490
497
497
474
482
509
510
510
514
514
523
518
518
514
522
514
510
512
510
471
511
507
501
498
501
505
505
511
514
522
516
517
522
522
470
509
521
529
519
521
512
514
514
517
500
503
508
506
497
498
472
499
505
515
514
518
516
518
518
520
520
516
520
523
509
472
498
504
500
501
502
496
498
507
511
508
511
515
515
522
524
489
530
527
529
530
519
513
514
516
504
510
505
499
499
497
471
496
501
503
510
511
510
517
519
518
511
513
510
509
511
508
489
510
508
507
504
503
509
505
508
514
515
521
520
526
520
486
522
531
522
515
519
517
517
510
503
505
498
505
494
493
472
483
501
509
518
520
515
517
523
531
525
521
520
510
513
506
472
501
505
502
508
504
497
500
508
508
513
517
514
519
520
481
506
519
520
515
515
513
509
504
514
502
499
500
501
501
503
481
512
506
513
508
508
514
519
516
510
508
510
509
502
505
459
487
501
496
498
502
508
516
515
513
515
517
522
527
524
527
499
525
518
510
513
517
510
501
503
507
501
502
500
499
500
466
501
511
522
520
519
527
520
523
513
509
512
509
507
507
510
483
506
502
505
513
502
510
509
506
513
511
516
517
517
521
479
514
520
530
522
517
516
512
505
506
509
519
508
514
516
499
498
506
524
521
513
513
512
515
510
511
508
501
512
504
496
476
506
507
504
511
507
505
515
515
514
516
512
513
510
520
475
509
522
522
518
511
510
517
509
505
505
504
507
502
499
506
474
511
512
517
522
527
514
517
515
528
519
512
516
517
509
468
495
510
506
518
518
512
505
507
513
513
507
512
524
518
509
480
508
508
509
509
511
503
512
503
498
499
505
510
506
505
474
510
520
519
520
522
514
518
516
519
511
510
514
507
506
500
487
506
501
503
505
504
505
509
513
511
513
515
516
513
505
474
504
516
513
521
508
508
511
513
515
509
511
504
499
498
486
488
511
506
514
517
511
512
517
515
515
512
517
510
507
504
464
506
500
506
503
513
509
512
515
512
513
511
512
512
514
481
500
513
517
512
508
508
511
503
510
505
515
508
504
511
504
477
512
510
514
514
514
519
516
516
513
515
514
515
509
511
477
501
507
506
517
516
509
513
506
504
504
511
514
511
505
509
495
519
512
517
514
515
508
510
513
514
510
510
505
506
508
473
512
516
512
508
519
516
511
515
521
515
513
511
511
505
502
486
505
506
504
516
514
511
515
523
513
518
517
523
518
515
483
504
513
515
520
511
511
512
514
517
516
512
503
504
508
496
491
522
524
520
518
518
511
517
514
505
510
513
512
505
504
464
507
507
513
507
507
514
516
502
504
512
525
519
518
514
472
498
505
510
508
507
509
514
510
514
507
510
508
508
501
505
472
509
512
513
519
520
519
511
513
503
509
509
497
496
503
465
491
506
511
508
511
516
519
521
510
513
513
519
517
516
518
495
515
511
516
510
510
518
504
507
513
511
508
513
513
510
471
497
506
512
511
501
509
514
514
511
509
514
514
518
514
509
494
506
510
514
507
507
518
513
509
511
505
509
512
504
503
471
513
515
509
507
511
515
510
515
512
503
513
516
507
502
490
493
507
515
517
526
524
516
512
509
511
508
515
514
504
510
474
497
511
507
520
508
511
520
514
511
513
519
514
516
503
517
498
519
515
517
517
518
510
513
514
512
509
512
510
510
518
493
498
505
508
506
507
509
514
507
508
506
511
512
513
505
463
499
509
509
505
510
513
518
511
506
515
521
519
509
514
510
490
505
512
509
515
509
508
504
507
506
513
511
500
509
516
473
489
503
516
511
515
515
509
509
518
515
507
509
500
503
503
490
503
509
509
507
518
509
515
514
525
523
519
518
514
507
481
510
510
511
507
511
508
509
510
515
508
513
511
512
503
505
493
512
508
506
507
502
511
519
518
510
510
511
510
512
509
481
505
509
509
513
521
509
505
511
510
504
512
525
520
518
489
494
508
504
503
513
511
510
510
508
514
507
514
515
505
504
476
511
511
511
520
522
515
523
510
505
502
509
505
514
510
468
505
509
508
518
511
511
514
511
507
510
510
512
517
507
511
481
509
518
524
520
518
507
513
515
514
509
507
513
514
514
478
504
514
514
510
512
509
515
506
512
515
512
508
501
511
510
484
500
512
513
507
504
514
510
504
508
511
509
515
519
515
469
497
520
511
508
512
515
517
516
515
509
506
519
525
511
509
487
507
511
509
506
513
509
505
509
509
510
513
513
517
505
468
500
515
516
503
502
504
509
505
514
506
511
513
510
511
486
500
510
508
511
521
517
508
509
507
508
504
501
518
513
510
486
501
509
509
509
510
506
509
515
510
511
510
508
504
513
475
500
508
507
520
516
526
517
512
508
504
506
518
517
519
510
484
509
517
515
510
510
520
522
518
515
511
512
515
514
505
462
494
513
518
511
508
514
518
507
506
518
512
505
511
503
504
481
507
506
511
519
508
512
522
514
518
521
510
507
504
509
471
504
505
507
515
510
519
519
507
508
515
517
513
509
501
508
490
510
507
511
512
509
504
506
512
509
513
519
514
511
507
471
495
510
512
507
510
505
506
512
516
505
507
507
511
509
473
494
509
505
510
508
516
519
512
515
511
509
511
514
511
507
473
511
508
508
511
508
518
511
512
514
508
515
519
514
505
477
504
508
512
506
511
509
514
514
511
504
506
517
505
503
505
479
504
512
503
516
507
511
507
520
506
508
512
506
505
509
478
508
511
518
512
511
511
509
510
506
505
509
513
507
505
514
496
511
510
516
513
521
515
516
513
509
505
513
512
509
506
471
505
509
516
509
511
515
514
515
509
506
514
517
523
513
505
502
512
520
514
504
506
507
509
503
500
512
504
498
503
510
473
507
512
517
511
511
509
511
510
517
512
510
509
509
508
488
486
504
515
515
506
520
514
521
518
513
511
507
509
512
510
476
516
514
520
511
518
512
504
513
513
507
513
511
510
507
466
502
508
513
505
516
514
511
505
516
511
503
506
513
503
505
483
509
506
508
508
507
508
511
524
509
515
519
514
510
511
475
506
513
511
509
513
509
512
515
507
505
517
514
511
512
509
494
512
502
513
517
511
510
513
511
506
508
518
513
513
508
469
501
511
511
516
511
508
509
513
515
508
518
508
505
507
516
496
506
506
518
512
503
510
518
510
504
510
514
511
507
509
479
500
508
513
509
510
514
511
508
509
517
517
507
512
510
478
493
507
518
514
509
517
521
519
508
512
513
513
511
510
508
480
512
511
511
507
506
513
511
510
505
512
512
504
515
508
472
496
518
514
511
514
513
518
519
519
518
517
511
512
510
512
472
511
517
513
513
515
516
515
514
508
508
511
506
504
505
472
505
511
513
510
517
518
512
511
506
514
507
502
503
506
501
478
505
502
510
522
514
518
510
520
519
508
508
509
504
503
470
497
507
507
508
507
510
512
512
510
511
509
515
521
508
502
482
512
519
520
513
502
503
502
508
514
509
511
504
513
507
477
508
513
518
517
506
514
522
508
510
510
512
508
510
513
494
491
511
519
508
505
513
515
505
509
513
513
507
509
512
508
477
506
513
516
517
515
512
512
513
512
508
509
505
507
510
466
499
507
515
514
518
518
513
517
509
515
515
515
510
508
512
487
506
519
520
520
519
510
515
512
515
513
504
503
509
504
465
494
509
512
509
508
511
514
511
515
506
510
508
509
504
509
491
518
513
509
507
515
509
511
517
509
508
505
518
517
509
470
509
507
512
517
514
512
515
505
509
513
508
518
509
508
510
497
504
506
506
513
510
508
513
510
512
510
506
513
508
514
476
506
505
506
509
506
505
513
512
512
512
518
516
516
508
507
500
517
517
516
505
512
511
518
514
505
507
516
510
506
513
473
504
510
515
513
513
509
514
513
506
503
511
503
513
507
471
490
505
511
510
513
515
511
519
519
513
512
514
509
503
504
473
508
511
508
508
509
513
519
516
521
515
520
514
518
514
475
501
521
512
511
510
513
508
506
508
508
509
509
509
513
507
478
512
507
505
513
520
510
508
506
515
508
508
503
509
507
471
501
513
513
511
519
518
519
510
516
507
510
508
515
510
503
490
507
509
514
516
507
513
509
512
508
514
513
513
509
508
478
503
511
511
508
513
502
503
519
513
507
508
508
516
510
503
491
510
511
515
513
512
509
516
506
513
506
515
506
506
508
471
507
510
511
505
519
511
514
512
508
507
523
517
517
512
491
491
505
516
511
506
509
509
511
509
505
512
501
509
508
508
477
509
511
510
510
512
511
519
514
516
529
511
516
518
518
469
502
516
516
505
513
505
514
511
514
511
506
516
507
506
515
479
501
515
514
505
509
511
516
506
516
507
513
512
520
513
467
512
520
508
512
507
515
512
502
507
515
514
511
507
504
507
497
512
511
507
506
515
509
513
509
514
515
511
506
511
505
472
513
509
509
508
509
512
511
520
515
511
512
517
511
504
510
496
515
512
513
514
510
513
513
508
511
509
508
513
519
513
479
505
507
513
522
511
503
513
519
516
508
508
509
506
505
470
498
513
507
514
509
515
510
509
517
516
509
514
514
512
511
478
498
503
505
509
507
506
509
504
506
501
516
504
503
513
468
499
510
510
508
502
510
524
517
518
511
516
511
515
509
509
485
508
518
515
512
507
510
511
505
509
519
503
510
513
504
467
502
511
514
512
511
518
520
516
510
511
516
509
509
507
505
477
509
513
515
513
509
507
507
512
512
509
516
511
517
511
474
500
522
514
515
515
510
516
514
511
516
509
507
507
499
508
491
509
519
519
507
518
515
512
516
509
502
507
513
505
507
471
499
506
515
518
519
505
513
510
511
515
516
523
516
512
472
498
513
512
504
519
512
516
509
504
505
511
523
506
511
510
481
511
512
509
508
505
512
508
510
508
507
504
511
505
509
505
494
510
508
514
507
517
516
518
509
504
499
508
503
509
516
480
512
518
518
517
512
503
510
508
513
512
512
516
509
509
465
501
513
517
517
509
505
510
507
515
509
508
513
510
514
514
483
508
519
513
509
516
518
514
517
513
510
508
512
508
503
470
505
510
515
518
511
518
515
512
513
513
506
505
502
510
509
495
509
501
506
506
512
510
511
505
506
510
507
507
513
513
478
503
510
514
521
522
513
506
500
517
508
511
510
513
516
479
495
518
514
520
518
519
517
512
509
508
502
506
510
503
507
474
503
509
512
510
513
511
508
512
506
510
508
511
509
503
466
504
509
508
508
509
510
509
516
515
505
503
514
516
512
508
483
512
512
506
512
509
512
512
504
510
507
506
509
511
505
467
504
506
512
511
510
516
515
507
504
505
512
510
504
515
519
484
509
516
515
511
515
515
520
508
517
515
508
506
507
506
468
505
509
513
511
516
509
515
509
508
513
514
510
506
516
509
485
501
519
515
516
510
517
515
507
512
511
508
511
512
509
475
509
515
508
515
511
513
507
510
513
517
515
508
513
507
472
495
515
505
508
506
508
511
508
513
509
502
515
521
510
510
467
502
510
514
508
521
517
509
509
515
508
509
512
511
507
468
501
511
513
520
516
514
518
512
513
509
516
519
509
515
511
485
514
505
505
513
512
508
518
509
504
506
512
516
504
509
469
504
508
511
518
519
508
510
518
507
507
508
515
507
507
509
482
507
514
517
509
512
507
516
516
509
520
513
505
508
511
482
501
511
516
513
513
507
520
514
512
507
511
504
513
510
509
497
509
510
516
513
508
510
511
511
509
509
517
520
513
511
468
501
513
514
516
511
511
514
510
511
515
508
505
512
512
499
498
505
513
510
506
515
510
513
511
516
505
506
509
509
504
476
504
517
511
510
510
516
515
515
513
507
511
502
518
504
480
501
514
510
507
511
510
504
515
518
513
505
505
519
505
503
471
506
514
509
504
509
508
504
512
507
510
520
519
508
506
469
500
507
509
508
508
514
509
513
504
502
512
521
512
505
503
486
502
514
514
509
519
513
513
511
514
516
509
505
506
509
493
498
506
509
507
511
507
510
506
510
514
516
510
509
506
511
492
506
505
511
504
511
517
513
508
517
515
516
508
512
511
471
512
510
521
515
510
507
514
511
514
511
513
504
501
511
512
499
510
513
511
511
511
514
512
507
511
514
512
513
513
512
477
519
527
529
531
532
514
508
511
504
505
505
504
513
502
468
491
508
508
509
512
512
508
511
511
508
508
513
508
510
508
469
500
505
509
509
511
509
516
511
512
512
512
512
512
506
470
514
512
509
506
518
519
525
514
514
510
507
509
504
512
511
486
510
508
512
515
512
506
511
514
509
507
509
510
507
509
465
500
512
506
516
514
509
517
515
510
508
515
520
512
509
503
481
507
514
511
514
513
510
512
507
507
508
510
509
503
505
479
503
515
506
517
515
509
510
510
503
504
510
512
514
503
501
487
510
517
513
509
503
516
516
511
508
509
510
510
503
513
472
508
508
516
511
511
507
506
509
511
516
511
511
516
516
482
495
506
511
510
509
515
512
513
503
510
513
507
513
513
503
471
512
514
508
513
505
511
509
504
511
515
511
510
516
506
470
496
514
512
519
520
516
514
508
506
509
507
508
515
516
507
480
508
508
510
507
511
508
512
514
510
507
511
514
519
516
471
509
509
517
513
517
520
521
516
517
510
513
513
513
512
505
488
516
512
514
519
515
516
510
509
512
508
513
516
509
505
477
504
510
515
522
517
513
510
515
508
508
513
514
513
512
516
493
507
509
512
514
510
514
520
516
512
506
513
513
506
510
477
514
510
509
510
511
508
511
503
500
507
510
507
502
505
473
493
505
504
512
510
510
510
510
511
509
516
512
510
509
514
474
500
514
519
514
517
519
521
518
515
509
511
512
509
509
469
500
508
508
509
504
509
508
508
507
513
515
511
505
507
516
480
513
515
513
505
513
508
508
507
512
509
509
503
513
508
467
508
520
511
510
515
518
511
517
521
510
511
516
511
509
509
485
507
510
509
509
517
512
509
518
510
504
510
513
511
509
469
502
520
506
509
512
512
516
511
510
508
511
515
514
509
507
494
512
508
512
517
512
506
503
509
514
513
512
508
507
501
478
508
504
508
517
505
509
512
512
506
510
508
516
510
510
500
496
513
519
519
521
511
514
516
514
508
504
511
512
507
513
472
512
519
515
512
513
509
508
514
502
501
510
515
507
513
470
501
511
520
516
515
518
515
512
513
515
509
510
512
514
504
475
500
513
512
511
513
516
521
512
506
510
509
508
509
505
470
496
514
510
516
511
512
505
506
505
514
512
516
518
517
510
483
512
517
511
507
515
506
504
505
515
506
511
510
510
511
471
514
513
513
515
523
519
512
506
511
505
511
508
518
508
509
497
501
508
515
517
511
510
508
513
509
509
507
510
509
511
481
509
509
516
518
506
506
505
512
508
510
510
519
515
513
481
503
512
511
520
511
509
509
515
512
505
511
516
508
503
512
473
503
504
506
506
514
510
522
513
506
503
516
507
509
506
468
498
510
513
517
512
511
512
516
519
507
512
516
508
503
503
469
506
504
510
508
510
512
510
506
515
513
510
511
509
507
476
503
514
518
520
523
516
516
511
506
506
511
508
508
517
513
486
517
515
508
514
515
520
517
509
509
502
511
509
514
512
469
507
516
514
507
504
509
511
519
515
509
507
512
522
509
502
486
508
507
506
507
512
512
509
514
505
504
514
511
509
503
471
499
512
517
514
514
509
508
509
510
510
515
514
506
500
499
496
507
507
505
510
517
514
511
511
512
514
510
520
518
504
487
504
510
510
512
512
511
511
511
511
504
510
515
512
496
462
502
517
511
512
505
514
508
520
516
513
502
507
511
507
505
465
504
512
513
512
509
504
518
516
507
504
513
506
509
512
475
504
511
520
512
508
514
514
514
511
511
504
512
507
510
515
480
505
511
509
513
517
514
511
504
513
515
510
516
511
509
474
507
516
512
510
508
516
513
511
509
505
509
516
513
520
511
485
504
515
512
516
522
511
511
505
510
512
510
510
511
510
473
504
512
512
507
509
511
504
505
514
511
510
514
509
506
496
496
512
516
515
505
516
509
510
516
511
510
512
511
513
509
480
514
516
516
513
516
512
511
512
504
507
512
521
506
508
472
495
510
514
509
508
511
519
515
509
504
506
514
515
522
519
484
501
510
513
511
509
510
510
517
509
515
520
511
509
502
471
499
512
504
510
506
509
508
515
508
511
511
511
513
512
515
483
504
511
512
509
511
510
512
513
507
509
511
506
511
512
472
501
510
524
510
516
518
511
513
513
504
512
510
516
511
509
485
500
516
520
517
516
510
510
514
508
518
515
511
521
510
476
501
511
506
505
507
512
515
506
513
514
507
511
506
510
508
486
512
512
512
509
512
509
511
511
510
508
505
507
515
508
474
508
507
515
510
516
511
508
514
514
508
508
508
510
508
477
492
510
511
519
516
512
511
518
521
510
511
513
523
517
509
475
509
507
511
519
511
513
514
516
507
505
510
512
502
500
471
495
509
511
513
513
508
507
515
509
504
518
520
510
506
509
481
496
514
509
511
512
521
519
512
509
506
512
506
505
511
475
505
515
517
511
511
511
510
511
506
507
514
511
512
519
521
493
510
514
516
512
507
508
513
506
509
501
510
508
508
511
472
507
513
511
509
509
510
511
504
512
510
502
508
511
516
512
493
517
514
517
508
508
508
506
508
512
512
511
508
514
508
482
508
516
508
510
520
517
510
506
503
512
509
507
514
513
490
499
516
513
510
505
513
503
505
512
507
505
504
516
515
506
472
514
511
519
509
515
510
509
515
507
505
515
510
512
511
475
499
509
511
515
514
517
509
509
514
514
515
506
516
509
507
488
507
506
505
519
511
507
510
514
512
508
509
510
509
511
483
502
508
510
519
513
511
508
515
506
505
505
508
509
500
511
484
507
508
511
509
511
501
508
508
511
508
510
505
504
507
473
508
511
512
515
512
510
514
511
509
512
510
511
510
504
512
490
510
517
517
510
511
519
515
511
510
511
516
509
506
509
482
509
512
511
513
516
516
514
511
509
509
511
515
508
511
475
502
515
512
512
518
518
511
513
515
518
516
506
518
520
511
479
510
515
512
512
511
513
508
509
517
511
507
508
514
505
477
489
511
507
510
509
510
507
509
514
520
516
514
514
513
507
470
515
513
512
515
508
513
516
516
507
517
511
514
518
510
468
505
511
513
515
510
507
514
515
508
503
497
506
510
510
504
487
512
508
516
514
511
510
511
513
503
504
506
510
504
510
472
499
511
515
513
505
509
508
515
513
509
514
508
512
506
517
493
514
521
523
512
514
508
512
511
513
509
506
509
500
506
475
504
506
512
509
509
509
512
509
507
505
510
508
510
504
491
502
508
510
511
508
517
518
516
515
510
515
520
510
512
517
485
508
509
506
516
515
511
504
503
509
508
507
512
510
507
465
499
516
513
521
517
516
509
517
517
518
512
509
507
511
509
481
512
511
510
507
510
515
510
505
520
510
513
517
513
504
467
496
512
514
508
514
515
506
508
511
511
514
510
511
507
500
480
512
510
509
518
514
513
509
519
509
508
516
515
511
509
478
512
519
513
520
517
510
505
510
510
510
503
511
508
498
507
482
501
508
505
515
512
513
515
510
504
515
514
512
510
507
478
512
514
517
515
512
507
515
507
505
511
517
517
506
505
509
493
508
512
518
514
515
516
515
522
510
508
504
510
513
508
483
515
507
506
504
512
518
520
512
507
506
507
513
502
503
466
491
508
508
513
507
514
510
511
507
515
508
509
512
515
516
473
503
511
511
509
511
510
511
511
509
509
509
506
520
507
466
497
513
510
511
511
508
511
509
513
520
508
511
514
507
510
481
515
509
510
514
509
509
515
510
514
514
511
518
509
514
476
512
508
509
512
515
511
514
512
517
514
512
512
510
513
510
490
507
506
512
513
510
511
509
509
505
513
522
514
505
512
477
511
514
511
519
508
508
513
515
512
517
517
509
513
511
516
498
515
511
514
511
508
510
516
523
512
511
513
508
505
503
472
504
506
521
510
504
503
509
513
511
511
515
509
510
508
476
503
510
516
511
515
507
518
514
510
510
517
507
506
504
507
470
505
508
509
509
516
510
508
507
506
518
514
505
508
507
466
502
508
509
511
507
520
515
514
514
511
508
512
507
513
504
479
510
514
506
511
517
509
515
511
516
508
504
516
508
502
473
497
514
509
507
513
511
506
506
517
509
509
508
514
506
506
481
516
517
509
515
519
513
506
521
509
509
512
511
513
514
468
509
521
511
516
510
517
513
527
514
518
515
517
512
500
505
499
509
506
505
513
514
507
508
503
506
506
513
514
508
508
474
498
512
506
507
512
513
507
511
515
509
516
508
513
505
479
506
511
508
523
511
505
507
504
505
512
513
515
512
505
511
475
506
510
514
520
507
503
516
512
506
506
510
513
507
512
465
501
510
513
518
511
505
509
512
508
507
514
509
504
515
510
481
511
514
511
511
508
504
512
513
511
514
512
505
509
503
471
504
515
511
512
507
511
507
506
510
510
514
512
508
513
508
489
520
515
522
510
519
518
515
512
511
506
510
514
510
509
469
506
513
507
511
514
510
511
502
511
509
504
511
510
508
510
488
505
504
511
509
515
510
508
508
511
505
509
509
509
507
468
506
515
512
519
513
516
519
514
513
508
514
519
508
510
492
497
508
508
515
513
514
510
514
508
515
508
514
509
503
507
481
506
512
517
514
515
510
521
518
515
509
513
508
505
504
469
505
513
508
517
513
515
524
514
514
510
510
514
511
508
510
485
511
510
509
517
508
518
508
510
515
510
508
514
507
511
473
493
512
511
505
512
512
504
502
507
510
510
518
510
506
515
491
516
521
515
516
510
510
508
508
505
509
510
510
509
506
470
504
514
514
510
515
518
514
510
519
507
509
510
512
506
504
490
509
510
511
511
512
510
513
507
516
508
507
519
506
503
474
507
510
505
523
519
514
511
517
509
508
513
505
509
502
487
503
511
509
509
509
512
512
504
510
505
510
517
508
512
505
486
506
507
510
515
515
510
508
507
508
510
510
511
513
512
518
492
507
510
513
515
516
517
513
509
509
510
517
510
504
515
477
500
510
518
508
510
516
515
519
519
516
517
504
509
511
473
501
512
525
516
515
513
514
506
508
510
511
515
514
509
506
483
500
516
510
510
503
510
506
515
510
515
514
512
511
501
473
498
513
511
512
506
514
510
507
514
516
506
505
514
517
508
492
510
505
510
512
513
511
509
509
523
515
512
515
513
508
475
501
520
515
508
511
515
504
512
514
514
507
512
508
504
477
494
513
513
507
511
506
511
512
515
510
508
510
510
512
512
473
503
508
509
516
520
509
511
513
514
516
513
517
514
503
468
505
515
505
507
515
512
515
518
516
506
501
509
512
514
505
479
512
507
517
522
516
511
519
515
510
510
517
511
510
512
472
501
508
515
515
508
506
502
511
508
511
510
513
514
510
508
478
515
508
511
509
512
512
508
510
508
507
510
504
507
506
472
506
522
518
513
508
514
509
508
510
517
520
518
512
515
508
489
507
508
515
516
521
512
516
512
508
504
509
509
515
507
480
505
519
509
505
506
515
512
508
506
511
506
511
509
509
494
491
511
508
511
508
509
511
509
518
511
509
508
508
514
510
474
507
514
513
510
509
509
509
511
511
519
508
507
509
505
471
493
507
513
512
520
516
520
514
506
517
515
508
513
509
511
477
502
508
512
520
513
509
506
513
505
506
508
506
511
502
472
503
515
521
523
514
510
511
510
514
508
509
507
506
512
508
478
509
511
511
510
520
510
515
510
508
510
521
509
506
504
476
500
507
507
514
511
512
518
512
515
513
509
505
514
513
505
486
516
507
507
516
516
511
515
505
511
515
512
512
512
510
473
499
507
510
507
509
515
514
512
513
513
501
510
510
506
515
497
506
510
505
511
510
507
510
506
519
514
512
509
516
507
481
505
518
513
506
509
507
515
512
515
514
511
513
509
507
473
505
515
509
513
509
514
507
511
511
506
505
510
508
514
510
474
512
509
510
513
507
504
510
508
510
512
513
514
510
508
469
498
511
508
513
510
504
510
513
509
517
506
510
510
504
511
487
519
511
519
515
508
505
507
509
512
514
513
510
506
509
479
498
512
508
521
514
505
512
509
510
507
511
517
505
504
512
482
511
514
509
510
512
512
514
508
509
508
512
511
511
514
474
506
517
520
514
509
510
514
511
507
509
509
512
520
512
513
491
511
515
511
515
511
513
512
518
511
518
508
513
512
512
473
508
520
516
510
513
513
516
512
517
515
514
502
507
510
480
492
507
512
504
508
510
511
510
505
513
505
515
509
503
505
476
503
513
510
508
514
508
508
508
514
507
518
512
511
507
467
494
513
506
508
515
506
504
516
520
510
511
514
516
513
514
485
507
514
513
510
515
512
511
514
508
509
515
521
506
501
466
500
506
517
522
511
511
509
510
508
509
510
513
512
504
501
492
507
513
514
510
510
511
516
517
513
516
528
513
508
505
477
506
505
506
506
502
503
515
509
508
509
510
509
517
506
515
489
502
506
509
502
506
509
513
505
511
514
509
511
509
511
475
504
506
506
505
504
505
514
512
510
510
517
512
516
516
486
495
520
520
520
520
511
516
517
515
511
511
509
513
518
511
480
514
517
514
516
510
508
517
515
511
508
513
518
522
505
467
499
508
506
509
512
518
510
511
511
510
504
504
506
510
514
478
507
511
513
515
512
506
521
516
515
513
511
508
515
512
478
503
511
507
507
518
514
510
509
517
513
509
507
518
518
505
487
514
506
510
515
515
508
510
518
512
508
510
514
510
510
471
508
514
508
513
507
509
506
513
515
513
518
515
508
506
503
482
500
511
513
508
506
507
514
510
504
509
516
509
504
508
478
510
514
513
510
505
505
513
509
508
507
516
512
503
503
494
480
503
506
516
515
507
512
510
508
508
511
512
513
503
506
477
508
509
506
515
516
513
514
510
516
519
516
508
508
511
466
505
507
515
508
509
516
507
506
514
518
513
518
517
511
505
476
511
518
514
511
519
510
511
511
516
512
513
512
512
508
470
510
512
508
515
514
521
509
512
513
511
516
509
521
510
507
492
525
515
518
504
517
515
503
504
520
515
510
510
511
512
475
509
511
517
506
512
510
502
504
510
507
502
512
507
506
504
480
502
504
505
516
512
501
511
509
512
509
509
513
511
510
480
509
508
508
517
515
513
504
511
504
508
510
517
514
503
509
487
505
509
513
511
509
509
512
507
516
513
514
509
511
509
469
509
506
517
513
517
508
513
509
514
510
508
509
514
506
466
496
514
514
518
512
507
509
514
518
515
517
518
512
506
511
482
509
518
508
511
509
515
517
514
507
516
513
510
506
508
470
506
514
513
516
520
513
507
507
509
516
510
512
512
510
504
480
509
508
514
520
520
510
510
506
513
504
512
513
512
504
476
508
518
517
509
507
507
511
504
511
512
515
514
512
508
507
492
513
512
513
512
509
508
514
518
511
510
507
510
509
505
474
507
517
520
513
511
506
510
511
509
505
510
508
508
506
499
500
514
517
515
508
509
510
518
516
515
509
515
510
509
509
472
503
512
512
511
508
508
507
514
512
509
525
512
511
504
467
494
512
507
518
508
514
506
506
510
516
516
512
506
511
507
474
505
506
513
508
513
513
515
505
511
516
513
514
514
508
472
501
515
517
516
511
512
509
510
509
505
512
511
510
511
505
478
507
512
515
501
502
508
511
511
508
507
505
512
515
509
464
494
515
510
514
512
507
505
511
505
513
507
514
523
512
505
492
520
507
509
503
516
513
509
504
509
507
511
509
508
502
469
509
504
504
510
521
510
512
515
518
518
518
517
518
508
506
494
514
508
516
519
516
516
517
514
510
513
516
514
509
509
483
510
512
512
516
512
510
511
513
511
514
517
518
517
509
481
495
509
506
521
514
510
510
518
515
508
502
509
515
507
509
482
512
512
515
519
509
513
522
509
513
505
523
517
517
508
466
497
511
504
515
534
523
546
543
553
570
584
634
629
620
611
612
608
548
518
425
346
271
214
162
138
146
125
134
200
292
327
504
642
743
835
888
978
1009
1015
990
938
875
798
677
592
445
371
307
217
167
139
134
166
211
278
368
420
505
588
654
687
672
679
640
595
526
451
377
322
284
241
235
245
273
325
378
419
516
608
697
772
840
874
873
860
835
799
757
681
604
548
461
378
353
325
325
341
373
410
465
505
550
593
622
628
623
604
535
506
456
390
329
274
233
220
210
213
234
281
356
414
492
560
656
745
793
825
851
851
834
810
761
705
633
571
501
454
413
340
337
329
336
350
378
410
458
506
543
572
601
618
619
612
567
559
537
487
427
385
345
316
302
307
320
343
377
408
449
499
511
586
629
658
688
690
690
684
667
651
626
602
583
551
518
444
459
447
435
440
451
462
479
496
524
551
573
585
576
570
548
500
492
461
427
387
360
342
326
323
331
347
367
397
438
465
468
541
597
630
662
696
714
721
718
698
672
637
604
553
512
468
414
419
394
395
413
433
465
500
533
547
565
571
575
563
552
503
508
489
451
430
413
392
376
377
384
382
394
408
434
466
492
524
575
617
650
679
678
673
657
635
605
570
528
491
459
431
401
417
423
439
469
485
511
549
578
593
603
605
607
594
577
515
521
496
465
442
407
377
363
355
356
356
375
400
429
463
494
510
571
604
629
641
651
650
643
619
595
574
548
532
505
490
443
469
478
484
493
502
523
537
539
546
548
549
542
535
525
505
462
467
455
440
427
415
414
412
415
434
445
465
486
508
533
517
567
589
597
607
603
597
584
569
546
534
510
488
488
478
473
463
479
487
494
510
535
540
555
569
570
573
570
560
554
538
493
494
486
467
451
433
416
414
407
411
410
420
443
457
471
481
505
547
560
577
592
590
583
590
568
550
525
512
507
495
498
468
502
505
516
517
537
545
557
556
560
556
560
554
535
520
466
480
468
448
438
428
412
400
411
408
416
434
460
479
499
527
522
573
588
598
604
593
587
573
554
535
518
511
495
480
473
457
466
474
484
494
513
519
532
546
560
575
577
573
566
559
552
501
506
478
459
441
431
423
416
412
428
443
466
480
494
513
499
544
561
569
567
564
561
548
537
528
516
510
497
485
485
484
468
493
507
514
538
549
561
571
577
585
582
579
565
553
527
465
487
470
444
428
415
423
412
421
426
440
457
482
497
526
537
533
570
574
580
578
576
561
553
536
529
512
500
490
488
475
439
480
482
489
498
511
524
533
543
544
552
553
546
543
529
469
489
492
483
471
467
467
461
460
471
479
480
492
508
513
520
499
534
546
550
555
551
541
530
532
521
504
503
493
479
476
437
480
495
505
524
532
540
545
564
554
565
560
560
537
533
515
476
488
477
471
463
452
452
460
457
460
469
488
497
498
510
495
527
553
552
563
556
542
540
529
524
521
508
499
496
485
488
466
493
500
512
515
526
534
542
547
544
549
541
531
513
507
456
488
478
470
466
467
468
477
478
475
487
501
514
515
530
539
525
541
542
543
533
531
523
512
499
494
487
476
478
488
479
452
490
508
517
534
535
544
553
561
559
553
556
540
540
515
489
480
485
480
468
464
471
463
467
466
485
487
497
507
510
512
495
542
537
530
536
533
527
526
506
516
497
496
500
496
498
466
511
520
518
532
542
540
542
553
547
535
530
523
517
509
496
468
485
476
475
474
475
476
483
486
491
496
508
517
529
537
506
541
542
535
534
527
523
521
518
504
491
491
489
487
480
490
464
503
509
520
531
531
538
548
542
541
534
535
530
521
508
466
499
488
493
485
483
478
484
484
497
495
500
512
513
517
515
498
518
525
521
513
509
514
500
499
493
501
494
491
501
508
482
513
525
532
534
538
549
549
542
542
540
531
520
515
505
461
475
483
482
478
477
484
484
491
503
505
507
516
529
521
525
497
530
535
527
527
516
509
508
507
496
494
494
492
499
493
460
498
518
522
523
529
531
530
536
542
536
532
523
517
514
507
471
501
499
490
491
494
497
497
496
503
514
520
525
526
530
483
509
519
517
514
505
503
499
497
488
489
492
501
491
494
498
491
517
521
527
535
536
532
543
546
539
534
532
518
512
505
481
482
484
485
486
487
482
488
489
494
497
507
518
521
524
525
503
520
520
519
519
522
506
501
503
496
489
490
497
496
505
468
505
508
520
513
525
527
526
541
535
527
523
509
504
505
485
483
499
499
490
493
492
504
511
512
508
515
517
521
527
521
486
518
526
518
512
508
503
493
503
492
498
497
493
501
499
457
493
515
517
519
524
531
527
540
528
535
523
518
517
510
500
475
507
500
497
497
497
499
497
503
514
508
514
515
511
513
481
518
519
517
515
523
509
506
515
504
506
502
504
507
507
502
489
519
521
521
521
525
525
520
524
517
523
513
517
512
501
469
494
500
504
498
500
499
503
511
504
504
513
515
512
518
517
495
517
516
523
518
515
505
515
506
511
503
512
504
499
498
465
501
507
511
522
523
525
531
523
523
522
525
522
511
516
489
490
502
498
504
504
503
504
503
501
508
514
515
512
520
520
477
518
517
517
513
510
513
516
511
508
506
501
508
507
508
471
501
515
519
522
519
519
525
521
521
521
520
524
519
516
505
462
489
496
488
501
496
505
498
501
503
506
508
520
515
509
474
504
521
514
515
513
511
509
505
504
504
501
498
502
498
500
481
506
507
514
518
524
522
520
519
521
517
515
522
507
507
475
503
511
505
508
507
505
514
507
509
511
516
518
518
510
523
497
512
508
514
515
510
499
499
499
494
502
504
503
503
501
487
518
518
518
520
521
516
517
521
529
522
520
521
510
507
504
480
501
503
508
508
509
509
514
510
508
509
518
513
520
512
476
507
517
518
508
503
502
511
504
506
506
504
504
506
509
471
498
510
526
524
515
521
522
517
520
509
511
514
512
505
509
479
507
520
510
509
520
522
515
512
512
521
521
527
523
513
471
502
511
510
507
509
507
498
500
499
506
502
508
512
510
506
476
509
515
517
513
517
520
520
517
519
515
515
515
511
504
472
505
508
500
503
505
511
508
504
518
511
513
514
511
513
512
491
517
511
507
513
515
504
502
513
501
503
503
514
507
505
474
503
513
511
517
517
516
512
518
513
508
510
512
506
503
506
484
506
503
510
517
511
515
518
519
523
510
521
518
517
514
479
514
519
507
512
511
506
503
503
501
499
500
511
508
501
497
501
517
519
520
520
510
511
518
512
508
514
517
510
510
512
479
511
509
512
506
509
516
514
510
508
504
511
511
505
511
464
504
511
515
510
511
505
509
513
510
501
505
511
510
513
511
483
509
516
515
515
510
516
522
510
510
513
512
508
504
509
469
502
512
505
508
509
512
512
512
510
520
513
516
515
514
513
500
521
516
511
511
514
515
507
509
510
502
508
511
514
510
475
511
517
513
515
513
510
517
516
523
515
511
507
512
510
509
495
509
515
506
517
509
503
505
511
512
505
511
515
508
505
473
507
513
513
515
510
506
508
508
505
512
503
508
500
502
468
500
515
516
509
514
513
519
518
509
512
512
517
510
512
502
473
499
507
513
513
509
519
519
510
505
504
519
507
516
512
468
507
511
512
519
508
505
513
503
499
516
514
506
508
507
512
492
509
510
513
509
513
513
513
506
513
510
513
513
510
509
466
497
518
518
514
510
513
521
517
513
516
515
508
517
513
513
495
505
509
508
508
514
512
503
513
509
509
514
516
513
508
478
516
514
515
519
513
511
509
509
508
508
499
505
516
504
501
487
515
504
508
508
515
510
508
512
515
513
511
513
508
505
476
510
517
510
511
513
508
509
503
507
507
513
511
512
513
473
501
511
506
513
513
515
507
509
512
513
512
517
510
513
506
484
506
508
512
518
505
514
515
513
505
503
510
509
517
512
474
500
511
509
514
509
515
505
506
503
509
509
518
501
505
514
491
511
506
513
519
513
514
518
521
509
506
509
507
507
514
472
499
506
518
509
509
518
515
514
521
511
514
509
517
512
516
492
501
506
513
506
505
516
512
507
508
511
509
506
503
510
482
509
521
511
517
512
517
512
518
512
513
512
508
512
512
511
486
502
510
513
511
510
503
511
506
519
517
516
513
513
509
483
507
515
512
514
514
510
509
501
508
508
506
505
508
510
475
498
512
518
512
511
510
516
522
526
514
514
507
510
508
504
472
511
511
508
508
521
516
510
518
511
511
511
515
510
508
465
497
512
506
512
509
507
508
512
511
512
511
518
514
514
511
491
515
515
515
508
509
510
516
513
510
514
515
516
512
505
479
496
509
510
510
516
509
511
518
513
513
513
509
508
510
506
482
508
510
508
509
509
509
518
509
505
505
508
516
509
515
473
506
514
511
514
509
506
511
507
506
508
514
508
505
507
502
486
506
512
510
509
505
513
511
514
512
514
511
510
510
512
476
502
510
510
508
512
511
506
506
508
520
508
514
505
506
480
492
507
510
511
510
526
515
510
512
515
516
516
505
504
502
468
507
507
511
509
516
509
511
510
518
514
509
510
519
506
469
505
520
510
502
515
508
514
508
513
510
511
511
518
516
506
480
514
522
512
514
516
517
511
515
508
502
510
516
513
503
466
497
511
519
516
513
512
507
514
509
509
510
517
509
503
508
482
506
507
513
515
515
512
515
516
517
512
516
510
511
507
478
517
512
508
508
511
514
521
512
525
520
514
518
514
508
510
491
511
509
508
514
510
516
517
514
507
514
516
511
512
516
475
499
506
514
509
512
513
509
510
508
513
515
514
512
515
485
498
509
515
512
511
504
515
510
510
508
509
510
508
514
512
473
504
509
513
516
509
510
511
510
512
507
509
507
522
514
471
499
510
510
514
512
512
508
517
511
510
510
513
519
519
507
475
505
508
508
512
511
506
499
507
512
504
506
507
509
506
461
497
513
511
508
510
508
508
509
511
510
511
511
510
502
502
491
506
509
512
509
511
511
510
507
514
507
509
515
512
511
472
500
510
506
526
513
515
513
511
509
502
501
514
516
514
521
497
509
516
516
512
514
508
516
515
510
508
513
515
512
508
479
508
514
514
521
509
515
517
508
513
516
512
508
510
507
498
495
508
517
516
509
513
512
511
512
510
515
514
513
516
509
477
508
514
514
516
514
521
515
514
509
521
516
507
510
514
481
497
506
515
511
508
514
509
510
515
508
505
509
513
509
505
475
500
511
508
508
509
510
516
507
510
506
507
509
510
508
477
504
510
509
514
507
508
506
507
516
512
514
515
511
511
510
483
511
511
505
512
521
509
515
513
509
513
508
518
511
506
469
499
512
510
507
508
515
511
508
504
504
512
519
505
514
508
496
508
508
507
510
513
508
508
509
511
513
514
511
511
503
472
495
502
511
509
511
509
510
514
510
518
516
516
518
516
485
510
518
509
518
509
505
512
512
516
512
511
511
512
509
509
474
513
508
519
517
509
509
510
505
506
517
519
513
509
516
468
508
509
511
510
509
510
509
509
514
509
514
516
505
517
508
478
508
517
512
513
510
515
509
516
506
514
509
505
510
511
471
502
516
515
509
522
518
508
511
506
502
509
508
507
506
503
483
509
507
509
507
510
510
503
508
514
511
511
515
508
510
477
504
507
514
511
513
511
508
506
514
504
508
514
505
504
503
489
512
510
511
516
515
511
506
512
509
508
501
511
505
504
468
503
509
507
510
506
510
511
521
523
509
506
518
511
511
514
494
507
509
516
512
512
505
521
515
510
512
514
510
514
509
479
504
509
517
511
510
509
515
507
510
502
509
508
510
508
474
495
510
513
520
519
520
516
509
511
508
512
508
507
507
509
476
505
508
509
513
509
507
504
508
511
516
517
513
506
513
475
504
511
516
516
516
514
511
509
511
514
509
514
518
515
515
482
512
511
509
506
511
517
513
511
521
513
510
504
514
507
470
510
515
512
508
511
510
511
505
517
507
507
507
510
513
506
486
508
510
513
514
513
511
519
515
519
514
515
508
516
510
472
503
508
510
509
514
520
521
521
517
517
504
516
507
503
507
494
506
510
512
515
508
506
507
510
512
513
516
510
505
507
480
508
507
504
513
513
514
508
513
509
512
511
515
511
503
511
492
505
515
511
510
504
511
506
511
510
510
512
509
510
512
470
504
508
511
507
515
518
517
509
507
502
510
507
508
505
465
500
505
515
513
511
513
511
506
511
513
517
509
513
508
507
485
509
513
511
513
508
514
506
512
513
512
512
502
506
502
468
508
511
512
514
509
515
506
502
507
510
507
515
507
514
514
490
508
510
510
509
510
509
512
519
512
508
514
514
514
522
466
495
513
508
513
514
515
508
507
512
511
508
509
510
510
509
503
509
510
504
506
509
510
511
517
512
515
516
514
512
512
478
511
514
511
508
516
512
510
516
515
512
519
516
514
512
494
503
507
512
511
513
505
516
516
510
511
512
519
517
508
507
472
505
508
514
508
509
509
512
513
507
507
515
509
515
506
476
500
511
505
514
511
511
510
518
516
517
513
511
511
517
510
481
513
508
511
508
509
506
510
508
508
505
513
510
507
509
466
492
507
510
506
509
509
511
505
511
514
520
514
511
515
512
490
519
522
511
509
514
519
521
511
512
512
512
506
504
508
468
505
513
507
508
506
509
508
507
512
510
507
507
504
506
507
495
509
510
510
510
513
513
511
511
511
514
507
508
512
506
478
512
513
513
512
509
504
508
506
510
508
512
515
515
509
482
499
520
509
505
508
509
507
510
511
513
514
508
519
511
512
476
505
510
513
521
511
511
512
520
514
513
516
511
504
504
460
504
515
514
516
515
509
511
514
509
510
505
520
508
503
511
476
502
512
519
514
509
504
509
509
508
508
514
511
510
514
472
508
514
513
512
515
521
518
519
508
509
513
514
505
508
506
484
508
515
512
507
506
508
509
510
508
513
505
513
511
522
475
503
505
511
504
514
517
513
510
513
515
513
504
506
512
507
495
518
516
510
508
508
519
508
506
514
505
507
499
518
515
477
505
512
512
509
514
511
508
509
513
507
505
506
510
516
477
499
511
509
513
523
519
511
510
510
515
512
517
520
516
511
472
510
509
511
510
518
513
515
514
512
505
508
515
514
505
466
498
516
514
512
516
513
516
512
508
506
510
516
512
511
504
484
510
515
507
517
506
507
504
512
510
511
508
507
511
513
478
503
515
513
518
511
507
508
514
510
508
502
506
501
509
514
480
507
508
513
505
506
509
513
508
508
504
507
509
512
518
473
501
510
517
516
511
510
516
504
507
506
516
508
505
507
520
501
513
514
512
518
517
520
515
510
509
514
508
509
510
507
475
506
510
513
511
513
512
505
510
509
517
511
511
510
513
491
495
510
511
515
512
521
516
514
521
519
511
509
510
509
512
469
505
516
509
513
515
511
510
507
524
514
507
509
511
511
473
496
514
509
509
510
503
505
504
515
510
512
514
508
515
514
482
508
518
516
510
515
512
509
519
513
510
512
510
506
506
465
502
511
509
513
512
508
508
511
510
511
507
509
507
504
505
487
508
512
506
511
514
506
512
513
521
505
514
507
509
508
470
497
515
512
516
509
506
515
513
514
513
509
523
512
503
511
491
509
515
510
514
504
508
514
509
508
506
516
508
507
509
473
504
507
510
512
515
510
510
509
507
516
513
510
515
513
497
492
510
506
504
513
511
509
510
520
517
514
514
511
516
509
480
513
521
510
515
515
512
512
519
514
515
514
510
519
511
476
505
523
520
521
509
516
509
513
516
516
512
509
506
515
507
475
518
509
511
506
520
512
510
508
510
512
504
507
517
514
464
506
520
512
511
514
510
509
513
507
507
510
510
514
507
507
484
505
513
514
523
519
506
508
513
506
504
506
508
508
508
468
504
507
504
510
506
504
504
515
504
505
504
511
511
511
512
471
498
510
510
507
511
518
508
510
503
502
511
504
507
513
473
507
509
508
515
510
516
513
506
506
504
507
510
511
507
512
494
509
513
516
516
518
522
515
508
510
509
510
510
508
508
476
503
515
514
509
512
514
521
517
525
524
509
509
505
505
481
490
510
510
511
506
508
514
511
509
523
514
509
512
505
505
477
508
512
510
509
507
510
512
508
509
511
514
511
518
515
476
499
513
509
512
517
515
515
512
507
520
511
505
512
500
513
477
518
511
508
518
515
513
504
510
515
507
511
515
514
503
466
505
508
511
514
514
512
507
507
511
511
510
520
515
514
507
489
516
513
512
512
514
508
506
510
508
507
504
506
505
509
484
504
513
515
523
513
517
510
514
514
514
503
514
509
512
514
493
508
506
514
512
511
513
521
510
516
517
512
510
511
508
471
503
505
507
505
509
515
512
506
509
506
503
510
504
515
465
500
507
513
513
514
509
514
502
505
503
507
510
513
511
510
471
511
514
517
516
515
514
514
517
519
510
507
508
510
510
470
501
508
518
514
512
520
515
506
512
515
512
514
508
514
505
476
509
510
518
511
519
512
511
515
518
505
507
508
517
510
469
498
510
516
507
516
514
506
507
510
508
508
508
514
513
510
489
506
508
513
517
512
507
506
514
519
513
514
506
503
507
470
497
513
509
509
511
512
511
519
511
509
512
514
511
516
504
505
514
511
509
512
512
511
515
508
501
513
511
518
504
508
471
505
508
510
522
516
507
511
515
510
513
520
508
513
508
489
488
510
513
520
511
512
506
509
507
509
514
510
510
508
506
465
504
512
510
510
516
513
510
503
506
511
514
507
512
509
466
498
509
509
507
509
514
511
509
507
505
517
510
507
512
516
484
508
514
510
513
512
515
511
510
512
513
513
507
511
511
475
504
512
515
514
514
511
514
510
510
513
507
511
512
512
509
486
511
512
507
508
516
515
511
511
512
510
510
519
516
509
473
502
512
511
505
516
514
512
512
510
509
510
507
509
504
509
492
511
510
509
507
512
512
509
519
507
512
510
