399
367
370
386
384
396
404
357
374
375
384
396
404
413
419
419
426
430
439
443
447
450
456
454
452
471
470
475
474
479
477
481
482
484
490
481
485
494
490
459
489
499
499
494
496
499
494
496
506
506
506
510
505
503
480
492
509
507
512
516
515
509
507
509
511
514
509
509
511
513
496
517
514
508
519
530
522
512
507
515
514
508
506
514
513
477
506
513
508
513
515
509
509
511
509
512
511
504
518
509
505
484
508
506
504
510
510
508
506
509
510
511
513
512
509
510
471
501
516
512
520
516
512
512
516
518
516
507
514
508
506
509
484
512
516
515
515
511
510
511
508
513
508
514
508
510
510
480
504
504
519
518
512
512
509
510
507
514
513
515
509
518
510
494
509
514
517
511
509
520
513
510
508
513
509
509
508
511
473
502
508
518
519
516
526
519
508
515
508
508
503
513
510
504
499
516
514
510
515
510
512
515
520
516
509
519
507
510
509
483
508
508
513
504
508
512
507
514
515
506
510
511
514
507
462
496
515
504
506
513
505
506
503
520
507
509
508
517
521
513
486
512
517
517
507
523
515
504
511
512
510
512
517
508
507
474
514
515
523
511
521
519
523
516
511
514
506
513
514
508
500
484
507
506
507
509
511
510
513
509
508
509
510
508
508
496
491
497
508
511
513
516
513
509
518
518
508
514
514
513
513
513
493
502
504
508
508
504
503
518
518
512
513
510
515
511
510
478
499
509
518
512
502
515
509
505
509
507
507
510
508
510
511
505
516
515
521
507
503
516
509
504
508
502
507
508
506
509
477
507
513
508
504
511
510
507
509
511
508
506
512
506
509
477
490
512
512
509
510
511
506
504
515
516
510
514
509
507
509
477
507
511
512
513
518
515
518
516
519
517
508
515
507
509
475
503
508
510
505
517
507
509
512
514
506
506
512
505
512
508
479
511
503
502
505
503
501
511
517
508
506
510
513
503
504
481
498
505
505
511
514
512
508
518
513
513
514
514
511
508
510
497
510
518
518
511
511
512
518
513
514
514
515
516
505
518
488
511
517
509
513
520
507
520
512
509
511
515
509
509
509
512
496
503
515
511
508
507
506
511
507
515
519
509
510
505
512
469
503
506
518
511
515
507
513
513
510
522
511
503
505
516
471
497
514
509
509
510
507
510
512
517
521
517
512
521
521
511
479
512
511
516
509
514
514
509
509
508
509
508
507
516
507
461
505
507
514
509
509
510
512
511
513
508
506
512
509
510
507
487
509
506
507
508
509
515
504
509
519
511
511
511
511
510
479
509
517
511
510
515
510
508
506
520
513
514
515
514
502
503
487
508
510
518
519
508
517
509
508
513
508
510
510
512
508
481
496
516
508
515
507
518
519
512
520
507
509
511
504
510
510
489
505
508
518
512
514
510
516
514
516
508
519
508
505
508
488
509
506
510
506
505
506
518
511
505
512
517
522
517
507
493
497
510
509
513
511
511
514
510
514
518
517
521
510
511
513
476
509
516
516
509
508
521
514
514
511
508
506
504
507
510
470
501
509
520
510
507
510
507
508
511
516
513
509
508
509
504
484
504
510
512
515
512
512
510
515
512
509
509
508
518
505
473
495
512
510
508
515
514
516
511
516
520
504
508
513
515
501
489
514
503
507
504
511
508
506
511
509
504
499
513
513
508
475
504
505
513
506
516
510
510
512
506
515
511
513
515
511
509
501
511
505
512
512
506
509
507
507
507
505
511
514
516
512
485
503
511
514
516
515
508
506
507
507
505
511
512
509
510
503
498
512
512
513
507
515
509
506
506
504
510
511
512
507
509
482
508
518
516
511
504
510
509
508
507
512
510
508
503
507
464
498
511
516
513
516
516
521
515
517
513
512
519
517
519
514
486
506
516
512
514
516
515
513
515
525
524
520
512
514
513
482
498
517
506
505
503
509
504
508
503
509
504
503
508
507
507
483
509
510
515
514
518
506
507
507
513
509
510
510
518
506
475
507
509
515
516
518
518
514
509
518
511
508
512
512
513
518
501
515
510
513
511
511
506
506
509
513
514
510
511
503
506
479
504
520
512
513
515
523
509
511
512
518
513
505
500
504
486
492
508
511
512
512
512
507
509
511
510
506
503
509
509
509
485
509
512
512
517
518
518
525
519
510
500
507
498
505
516
476
502
522
515
515
509
507
516
517
508
514
515
515
509
508
510
488
514
507
506
509
514
503
507
513
510
505
508
513
510
504
467
507
505
510
503
505
505
508
504
501
507
509
512
511
514
511
497
512
514
512
511
510
506
506
518
515
510
506
509
515
508
474
503
516
519
513
516
510
514
508
511
514
513
512
513
506
507
487
518
507
507
506
511
513
504
513
510
509
508
508
513
508
471
502
502
511
516
513
507
518
511
516
513
520
516
511
505
501
503
508
506
512
523
516
512
502
513
514
508
507
509
508
507
486
505
509
511
519
516
513
511
518
512
509
514
516
511
505
471
498
512
517
506
519
520
514
519
511
514
509
518
510
505
504
470
503
516
517
510
502
511
505
511
503
505
508
495
498
498
472
500
511
514
507
503
506
516
512
501
511
507
514
512
509
516
492
510
518
514
511
514
526
513
508
517
515
515
509
513
509
475
500
510
515
518
515
518
515
511
507
511
506
505
509
516
507
496
518
508
512
509
516
516
508
509
509
508
508
506
512
508
480
505
516
513
514
518
513
513
512
514
508
508
504
516
504
508
495
509
512
508
513
513
516
516
521
508
509
512
512
515
520
481
514
512
508
510
517
522
525
512
514
507
507
512
517
504
480
505
509
507
514
513
514
508
508
510
510
507
513
511
505
508
489
511
508
505
508
511
507
508
507
508
510
514
507
506
505
489
497
516
517
508
514
511
508
517
512
511
515
512
505
508
511
483
517
510
518
520
525
520
526
517
530
533
552
560
564
569
531
566
573
564
544
520
493
446
399
369
352
334
326
313
313
329
331
385
456
497
562
608
666
710
742
770
782
779
771
755
717
632
601
551
483
426
391
357
329
315
328
332
355
390
421
463
505
524
562
571
571
563
550
528
486
452
436
406
390
378
382
399
385
437
470
500
546
598
634
669
685
692
689
684
670
645
616
553
543
507
473
445
445
427
428
450
464
471
488
511
534
538
542
524
546
536
517
481
448
423
395
380
369
349
358
361
377
398
400
471
523
567
616
644
680
693
701
693
682
663
649
612
569
537
477
476
453
440
431
423
420
430
440
461
478
503
522
541
551
524
559
555
541
527
504
484
454
431
419
412
406
405
418
424
441
446
484
510
526
544
570
592
606
618
615
614
609
601
585
575
520
524
507
493
474
466
463
474
480
482
498
501
524
530
530
528
525
526
522
505
488
468
457
439
428
418
421
420
424
441
440
431
478
495
516
546
569
588
606
618
623
628
613
605
595
558
523
509
501
477
456
453
465
465
467
480
502
503
510
533
532
534
505
542
530
514
503
482
464
455
439
432
432
431
441
446
454
429
481
515
532
557
581
594
607
614
610
599
591
579
554
525
512
479
474
472
469
464
467
478
488
503
506
523
529
545
541
549
520
537
536
522
510
494
473
461
450
440
432
431
435
434
449
462
451
489
516
536
556
569
578
587
593
583
577
570
561
545
532
500
512
511
507
508
502
498
505
506
509
517
516
516
524
525
518
491
499
496
491
479
469
466
459
459
464
460
468
473
482
491
473
510
529
540
538
552
558
562
569
556
554
539
539
529
520
483
490
503
501
499
498
500
511
508
519
524
534
534
536
533
529
495
518
520
509
497
495
481
468
461
467
456
463
464
475
474
451
485
511
519
526
537
548
549
553
557
544
539
535
531
518
512
486
503
505
507
508
508
505
520
525
523
530
523
526
534
529
486
516
512
506
493
481
470
457
460
448
447
451
461
463
481
490
486
513
526
536
548
561
571
560
556
550
541
543
526
524
508
471
483
498
491
492
493
493
498
504
516
521
530
535
533
538
539
515
534
529
508
496
483
472
472
475
467
465
464
468
477
503
476
511
522
523
531
536
538
542
539
532
516
513
517
513
513
491
478
493
497
508
511
514
516
522
527
536
545
547
546
546
531
497
508
512
504
490
473
461
453
463
468
461
464
466
479
484
463
511
528
535
535
550
548
547
544
542
540
530
523
517
507
504
471
502
495
496
497
510
513
510
519
526
528
530
535
526
531
480
514
511
506
512
502
488
474
480
484
479
489
495
498
501
503
495
519
525
526
530
535
532
527
528
523
522
512
511
507
494
478
508
501
498
511
511
509
521
524
524
533
536
527
527
526
517
505
516
510
510
502
501
488
497
479
472
484
493
488
494
499
485
517
518
529
534
535
533
532
528
522
525
523
512
514
511
509
492
504
505
510
511
520
521
515
523
517
523
525
519
528
517
480
509
500
498
487
491
491
490
489
493
494
496
490
499
505
472
504
529
525
538
535
527
518
523
518
521
513
511
505
501
498
468
490
501
502
504
506
519
514
531
532
537
538
537
527
530
480
506
522
511
501
491
494
492
494
486
486
486
487
502
502
503
491
516
523
520
528
525
516
518
525
515
509
508
510
504
501
478
505
510
513
520
517
517
520
519
522
525
534
519
511
516
500
487
504
503
497
500
496
490
491
494
499
495
497
509
504
508
487
509
516
520
531
524
527
528
522
521
520
516
506
509
505
503
485
496
501
508
513
513
512
511
517
519
518
516
518
513
515
488
504
508
505
497
497
498
499
497
497
503
501
506
505
504
471
496
521
531
522
526
528
524
520
519
509
510
502
496
504
503
483
508
521
510
509
528
532
530
523
530
528
522
526
520
516
474
493
499
507
493
496
496
498
493
496
496
497
503
509
503
511
487
509
523
518
515
519
518
518
513
508
504
502
507
503
497
476
499
511
512
510
524
515
516
521
525
519
521
522
516
510
504
496
507
511
508
502
500
499
507
505
505
504
505
511
513
519
494
515
516
513
515
521
516
508
515
503
506
503
503
501
499
498
490
510
508
517
517
511
522
519
523
525
523
522
515
520
510
473
498
505
506
503
501
506
501
499
500
505
511
505
512
510
488
500
516
515
518
519
513
516
520
519
507
514
518
508
513
515
480
504
511
514
512
513
520
521
517
514
518
518
506
512
508
466
490
502
511
502
506
499
501
501
499
506
511
503
510
517
508
494
514
525
520
517
514
512
509
508
507
512
507
499
504
501
480
508
515
515
511
518
524
519
523
523
521
521
520
515
518
508
496
509
516
504
505
504
504
509
501
508
505
506
503
508
504
479
504
518
508
509
507
511
508
510
511
516
509
510
508
507
506
492
510
513
511
523
518
522
517
523
523
524
523
526
522
514
486
503
506
501
504
509
509
505
510
500
501
511
517
510
505
482
498
511
513
515
514
511
512
513
505
521
510
518
511
506
502
470
501
512
507
513
511
520
522
515
522
532
523
518
509
507
472
500
510
510
514
507
498
510
502
502
511
509
507
506
512
512
489
519
518
520
513
505
512
507
510
504
511
506
511
516
500
477
504
509
513
509
506
518
520
513
529
525
512
516
510
514
518
490
501
502
500
498
499
496
503
504
499
510
507
509
519
507
476
512
514
515
518
517
513
505
503
507
511
499
503
512
504
505
490
505
515
520
514
512
514
520
522
520
514
517
523
512
504
480
514
507
504
507
509
502
504
499
501
507
503
520
521
510
487
496
512
511
510
506
509
510
510
502
505
501
511
507
507
512
488
512
520
510
517
512
513
519
519
520
510
518
517
514
507
512
491
509
504
514
505
511
507
519
511
506
505
511
515
511
516
497
517
516
516
513
518
510
515
512
508
510
508
513
506
511
484
504
507
517
514
511
511
516
510
510
515
514
513
509
505
509
484
507
510
508
504
509
514
508
503
513
518
509
512
514
510
476
515
518
509
511
519
518
519
517
506
512
509
502
507
509
505
501
510
517
515
509
516
515
517
507
515
518
519
509
520
504
477
508
505
507
509
509
502
500
504
511
505
500
499
516
509
506
495
508
517
506
514
519
515
504
509
509
507
508
517
507
517
474
512
521
518
521
515
511
509
514
513
513
510
512
517
514
466
496
503
512
515
516
512
511
510
510
505
509
513
517
519
510
490
518
521
511
516
509
511
503
509
505
509
513
507
503
512
475
495
513
515
517
505
510
509
515
516
509
513
512
505
512
513
484
500
503
509
509
508
508
507
502
502
512
515
511
510
512
477
507
515
516
520
515
512
514
515
517
514
518
516
508
511
509
494
507
522
509
512
524
510
518
508
506
504
506
504
509
499
473
500
516
513
502
501
507
505
506
516
507
503
507
513
522
485
500
519
512
510
520
509
518
510
513
516
505
508
512
507
502
480
517
509
509
509
521
512
515
508
515
508
512
505
510
508
466
501
508
516
509
511
506
511
507
509
510
517
515
517
509
508
483
512
517
511
520
516
507
517
513
511
502
508
511
506
504
473
499
510
510
515
513
516
515
517
518
516
514
511
506
510
516
480
502
514
515
510
513
520
518
510
518
513
511
517
511
516
487
510
517
505
512
511
508
517
507
511
512
509
512
509
509
509
491
506
518
519
513
508
515
514
510
515
507
516
502
517
518
471
502
503
500
507
509
513
510
511
516
512
512
504
512
513
507
499
516
514
515
511
509
513
508
512
514
514
510
510
510
506
480
503
509
509
512
517
518
513
510
524
512
509
506
511
508
474
506
518
514
504
507
517
514
506
509
507
504
506
510
509
515
491
509
514
510
507
507
504
510
509
510
511
514
511
514
512
468
506
510
512
521
517
508
512
514
512
507
515
511
510
509
508
496
510
509
515
523
520
513
516
519
507
504
507
512
506
508
480
502
504
508
517
520
516
504
505
515
502
502
510
502
504
505
496
513
516
514
505
510
509
513
509
511
515
519
514
514
509
477
507
511
513
509
509
509
522
510
509
513
511
506
513
518
511
499
513
508
506
523
518
511
518
506
511
508
507
508
510
510
481
508
513
508
513
512
511
510
511
509
506
510
510
511
507
475
498
506
508
518
508
515
507
506
507
513
506
510
515
513
507
488
508
514
508
508
508
510
507
510
512
511
514
515
504
515
469
506
515
517
516
521
509
516
517
520
511
513
520
520
509
502
485
503
512
515
514
509
504
520
522
509
507
511
504
508
503
471
504
510
512
513
510
505
515
508
509
507
516
517
512
508
504
494
510
507
511
509
509
511
507
515
513
517
513
516
517
513
478
502
513
511
514
511
511
511
514
510
515
522
510
514
513
514
493
513
510
518
511
513
507
509
508
508
511
509
507
506
513
493
513
509
511
510
506
514
512
505
506
507
507
507
506
511
487
501
505
515
512
508
517
519
515
520
511
514
511
509
517
510
481
506
516
508
510
512
516
512
508
507
519
519
520
525
510
460
498
507
513
508
503
513
510
508
512
512
514
513
505
507
509
502
514
509
512
507
513
510
505
510
517
509
508
512
509
505
476
497
505
505
507
516
509
510
506
513
513
515
511
510
508
514
493
514
513
506
517
517
514
511
511
521
520
513
509
508
512
474
513
511
509
519
513
515
506
516
517
513
510
511
504
504
501
484
508
511
506
507
505
504
504
505
508
503
512
505
506
503
477
507
511
517
515
508
511
522
511
506
509
512
504
504
508
476
507
514
508
507
515
510
520
521
516
510
513
509
510
512
509
475
500
515
518
511
509
520
514
507
505
514
516
509
509
508
469
499
506
507
507
508
513
509
510
509
510
512
516
512
516
518
484
509
513
511
504
509
509
512
507
507
518
508
510
512
510
475
499
516
509
512
507
509
510
510
512
509
514
515
518
515
508
494
513
517
509
512
512
516
510
519
514
513
521
513
510
509
488
517
517
518
505
518
512
506
509
508
509
508
516
514
513
505
501
510
507
512
510
508
508
507
510
499
509
510
512
513
507
483
509
507
510
518
511
512
511
511
516
512
513
510
516
514
518
491
511
518
529
519
519
518
519
509
509
506
514
506
511
520
477
503
507
507
507
506
503
513
504
507
507
512
514
512
509
465
504
508
509
514
507
507
509
509
507
506
509
508
508
501
512
483
509
506
514
508
512
514
513
509
512
515
509
514
506
508
473
501
505
513
505
511
508
508
506
506
511
506
506
511
512
503
496
516
517
510
517
519
513
509
503
509
505
514
506
512
505
477
503
515
503
519
512
518
509
508
515
515
512
516
525
511
511
498
504
507
506
507
515
508
515
512
511
511
515
517
514
511
480
509
512
520
513
518
519
525
517
521
509
513
515
503
503
477
508
509
514
505
511
506
513
507
510
504
510
516
510
508
500
472
510
512
513
509
511
513
513
514
512
504
512
508
506
512
468
501
512
513
517
514
511
512
513
520
510
517
511
512
508
512
483
518
511
513
513
510
508
516
510
510
520
513
511
506
515
471
500
510
520
507
509
516
510
508
506
510
512
511
504
509
504
497
508
515
511
516
506
508
505
505
512
508
507
506
510
505
471
501
510
511
511
514
513
514
509
516
514
508
517
514
503
507
496
511
508
511
510
514
509
517
511
511
520
518
505
518
510
477
519
524
515
512
509
515
509
508
512
507
520
510
509
507
489
498
508
506
518
509
505
509
498
505
510
502
514
512
508
509
482
508
510
514
515
517
518
514
519
508
508
513
515
510
509
478
504
511
513
524
514
509
512
517
511
515
509
515
512
508
502
487
510
518
515
518
517
510
516
509
502
506
513
510
516
510
480
500
508
509
515
517
512
513
511
508
519
516
511
508
506
506
487
510
510
507
506
509
510
505
506
510
514
506
515
505
505
473
508
516
517
516
512
513
509
512
509
523
512
507
517
508
502
487
518
518
521
524
519
515
518
524
517
513
509
507
504
503
482
514
512
509
509
508
511
511
504
504
507
503
512
509
505
488
496
515
503
504
508
508
515
515
512
516
513
509
515
505
503
476
513
515
515
508
522
515
516
511
512
514
516
517
505
507
472
503
509
512
516
514
513
509
516
507
507
513
515
502
502
506
482
510
504
516
512
508
509
512
512
510
515
521
514
505
512
516
493
511
511
514
508
510
516
506
516
521
516
507
511
513
510
486
509
505
512
508
508
511
506
505
512
511
519
520
507
511
486
504
520
519
509
503
506
516
509
513
515
505
508
500
503
499
494
510
513
517
510
513
513
517
514
515
512
506
510
509
513
483
503
507
510
503
512
513
500
505
514
512
509
512
507
505
499
496
507
507
509
510
515
509
515
508
514
519
510
523
518
507
486
510
511
509
507
503
508
515
503
509
504
513
515
517
509
473
500
515
515
518
509
509
512
512
519
505
512
506
501
500
504
474
512
506
502
506
509
509
510
516
516
516
515
519
510
511
470
509
510
519
511
508
507
515
510
521
514
515
518
513
519
515
495
506
512
513
513
521
514
524
517
520
514
516
513
514
507
473
496
505
504
511
501
515
515
512
507
505
514
507
508
511
511
494
513
512
512
510
502
500
513
505
505
509
507
507
506
514
479
499
503
512
508
510
507
517
511
517
522
517
516
514
517
500
495
506
514
512
514
511
514
520
515
518
519
517
513
512
506
476
497
513
511
513
516
516
522
519
520
509
511
508
509
511
480
504
520
517
513
510
513
516
515
509
517
519
512
514
512
506
486
512
508
512
511
516
508
512
510
519
510
511
512
516
514
467
501
517
520
512
514
513
507
511
513
505
512
516
520
508
509
487
513
512
513
516
506
501
505
504
504
510
503
515
509
511
481
504
512
512
511
506
508
506
512
508
507
508
512
512
503
498
484
508
520
517
510
509
508
510
515
515
513
512
516
509
512
487
513
512
511
508
517
512
511
505
510
506
519
516
521
511
500
489
504
507
512
519
507
510
514
509
515
511
503
502
506
510
483
510
507
512
505
506
511
512
505
508
509
512
514
509
510
480
493
513
522
506
508
509
510
511
513
511
505
510
506
518
510
484
504
514
519
508
514
514
513
513
518
511
515
517
514
512
481
515
514
513
513
508
513
507
506
515
511
507
510
511
512
509
491
515
512
511
511
507
506
509
511
507
503
504
506
502
513
471
500
510
506
506
503
520
511
509
509
509
501
512
510
509
512
498
508
508
515
513
514
505
516
513
510
508
507
504
511
513
479
510
517
504
507
507
511
507
519
508
510
515
515
515
510
512
502
509
515
512
516
521
506
513
506
511
508
506
505
508
507
481
509
511
515
504
506
510
508
507
513
506
512
507
516
513
484
491
512
515
516
513
516
520
515
516
509
517
521
512
512
507
477
522
529
512
512
509
512
523
515
507
511
513
509
506
511
479
499
517
513
513
512
516
507
508
508
506
502
508
509
505
499
484
504
512
508
508
512
511
508
507
517
510
517
510
514
509
478
499
514
515
514
515
515
518
509
514
513
509
511
510
511
518
491
517
510
514
508
510
507
509
511
505
517
510
512
512
511
471
503
511
511
510
510
507
510
513
508
508
514
514
512
510
511
497
511
510
513
517
513
508
513
514
511
505
518
510
508
503
483
498
518
510
508
515
509
514
514
504
507
516
508
513
511
472
496
515
513
518
510
507
513
512
515
519
518
521
507
512
512
479
504
505
513
507
509
506
515
506
505
510
510
510
505
507
475
494
502
511
511
513
508
511
510
509
509
512
507
505
509
508
484
508
508
514
513
509
504
509
514
513
507
509
512
515
516
479
500
524
523
526
517
509
514
508
511
507
516
506
516
506
504
489
510
517
514
513
518
508
505
512
505
514
507
513
510
500
473
517
508
502
506
506
509
505
515
511
513
512
511
510
510
506
492
512
512
510
508
511
514
513
522
510
508
515
510
507
506
478
501
510
514
520
518
509
505
515
509
511
508
512
511
508
493
493
507
518
517
512
521
521
520
514
509
507
503
508
510
512
475
502
506
516
512
516
510
513
509
506
510
513
504
508
503
470
498
513
517
510
516
514
519
505
508
511
507
507
509
513
510
495
503
514
512
512
518
527
508
507
509
519
507
506
507
513
480
510
512
510
510
512
512
509
505
516
519
511
514
513
512
507
490
511
511
508
507
513
520
520
524
526
508
504
511
509
505
470
504
514
508
511
505
524
516
509
517
511
515
522
514
511
513
503
514
517
515
521
521
513
510
508
506
509
498
508
510
509
481
510
506
510
513
519
517
503
511
510
502
503
511
505
505
496
494
514
521
507
509
507
507
504
510
513
505
515
510
510
503
481
498
513
510
518
516
513
506
514
512
511
515
512
510
512
513
495
502
504
512
511
517
512
515
515
511
512
514
513
513
516
486
503
513
514
513
507
513
513
510
512
509
519
515
510
512
475
497
513
521
512
513
509
514
503
507
512
509
511
502
516
512
484
509
513
513
510
508
512
510
507
506
513
515
513
510
510
478
503
515
511
503
509
516
515
507
511
512
505
504
510
518
510
490
506
509
512
511
511
519
513
508
511
515
512
508
508
514
479
504
515
516
510
506
506
507
506
507
505
507
509
511
504
491
505
511
513
508
519
512
521
517
509
504
505
509
507
507
502
480
508
512
515
509
515
515
508
514
514
509
518
510
514
504
475
506
511
507
508
513
508
519
513
511
519
512
510
507
507
506
485
500
510
507
510
507
511
512
506
509
509
515
508
516
513
481
505
515
512
512
505
509
512
507
510
512
517
515
506
505
513
497
511
516
514
511
508
520
513
515
509
517
523
519
511
504
470
503
506
513
508
512
512
515
513
513
514
508
507
513
511
512
495
512
514
510
502
508
513
510
507
521
505
503
506
513
509
479
504
503
509
503
507
515
513
505
512
505
512
511
516
513
502
497
517
510
504
502
505
498
501
509
511
505
506
504
506
506
475
512
512
507
513
514
511
514
521
512
512
511
512
517
518
472
512
512
520
512
518
514
510
511
511
506
505
508
513
509
509
485
515
509
515
516
517
509
515
503
503
512
515
515
508
502
469
498
510
501
511
511
512
508
518
519
508
513
524
520
512
510
490
510
509
523
515
511
513
522
514
516
510
518
509
510
510
480
501
513
514
518
517
512
526
513
508
513
515
509
508
508
500
486
500
509
514
510
501
505
512
508
507
517
518
514
508
509
475
507
518
518
504
513
512
510
506
508
513
508
508
509
514
510
502
514
512
515
511
512
509
507
505
505
508
513
512
515
514
483
511
508
512
513
514
511
502
506
518
506
510
507
519
513
482
501
510
513
502
509
511
510
511
510
503
500
510
509
512
514
481
519
511
512
508
519
511
501
504
510
509
509
511
510
509
465
507
507
507
509
512
513
509
512
515
509
508
520
515
516
511
492
508
515
509
513
518
511
512
514
511
518
522
514
517
514
501
503
505
512
514
505
501
500
507
502
502
510
513
517
507
513
486
507
506
514
507
506
507
511
515
510
511
516
512
511
515
478
507
522
517
510
519
512
514
500
505
505
510
505
510
516
523
500
508
509
507
504
507
516
517
509
503
507
510
511
507
509
475
506
518
513
508
503
514
513
511
510
515
507
517
517
509
482
494
510
515
517
513
529
519
518
510
510
506
503
514
510
506
479
507
512
503
508
516
518
511
513
513
512
519
507
507
516
470
499
517
516
511
516
511
510
510
512
516
516
521
524
511
517
481
509
506
505
508
510
511
511
514
513
510
509
515
511
506
482
500
510
516
515
509
506
512
515
514
509
509
510
506
503
502
487
516
512
523
519
513
505
516
510
513
510
517
506
512
512
473
504
514
514
513
507
510
518
511
506
506
509
502
508
505
505
490
508
511
521
512
504
509
506
513
510
521
510
505
516
510
480
508
511
514
510
518
510
517
511
504
505
511
507
506
513
489
506
509
508
522
516
510
513
515
506
516
507
511
508
512
505
477
508
511
502
504
517
514
508
509
510
520
517
513
513
509
470
496
525
524
517
508
517
506
502
509
515
509
502
505
513
503
481
506
508
507
505
505
505
509
509
505
510
513
509
503
520
474
505
504
508
504
512
517
506
512
513
508
515
509
517
507
505
492
514
513
509
518
510
509
510
510
513
518
513
512
510
508
477
499
508
506
519
507
504
514
520
515
512
514
512
509
504
506
488
508
511
509
504
507
507
512
509
517
510
513
508
503
499
477
503
515
508
515
515
516
511
510
514
513
512
511
504
503
495
494
517
515
512
507
503
512
507
508
505
511
518
517
516
512
484
514
512
523
518
526
529
517
515
510
513
515
505
503
506
480
504
511
516
513
504
513
510
507
515
523
506
511
511
509
505
471
497
510
515
510
513
522
507
510
519
513
510
512
511
507
472
510
512
515
512
520
525
513
510
519
521
510
518
508
504
510
495
511
524
514
515
517
511
505
504
505
504
512
518
515
511
479
500
509
505
514
507
509
503
509
511
508
508
515
503
510
511
494
516
505
506
512
511
515
514
517
505
510
518
512
511
504
484
494
516
512
510
516
508
506
513
512
504
509
509
500
504
511
488
512
512
508
511
510
519
510
512
508
510
511
507
505
511
474
500
506
511
519
505
508
511
519
511
504
508
502
507
512
476
496
506
523
514
510
512
512
514
512
514
509
508
511
510
514
479
509
524
512
507
506
515
517
511
511
510
515
517
514
517
483
510
516
518
525
513
511
516
515
509
514
508
515
511
522
516
494
507
512
512
505
519
511
508
509
517
506
510
507
509
510
476
497
508
509
507
512
506
511
511
513
508
505
501
510
505
503
497
513
519
509
510
508
509
516
512
517
522
508
519
515
513
480
511
517
516
510
523
512
516
515
513
510
512
506
505
507
508
496
509
509
504
507
507
503
511
508
507
512
514
505
516
512
482
503
510
506
503
516
506
510
507
509
508
517
506
504
507
472
501
508
502
510
505
508
509
507
506
513
513
509
508
506
512
479
507
506
512
505
511
513
519
507
510
511
510
510
513
514
470
508
517
514
515
515
513
511
510
507
516
512
513
515
507
515
489
514
516
515
510
508
514
507
511
512
508
507
511
512
507
469
497
510
510
512
503
507
512
513
512
513
509
516
518
507
505
493
517
511
512
516
515
519
520
511
508
519
518
515
516
508
479
511
514
519
513
511
509
510
511
515
512
516
505
512
508
506
498
509
507
510
511
507
509
515
503
512
507
511
504
506
511
484
502
506
514
516
517
509
509
509
512
511
512
512
511
512
479
507
512
517
521
511
518
514
511
511
515
512
514
510
513
507
478
515
513
516
513
512
513
513
512
506
502
504
511
509
507
468
503
516
517
515
509
513
514
510
512
514
505
509
509
505
507
480
506
511
511
518
518
518
518
512
510
513
517
510
513
509
478
498
510
513
515
507
512
516
522
509
514
518
510
511
509
513
492
507
512
512
511
508
507
509
507
510
515
511
520
512
510
475
509
511
507
507
511
502
499
513
509
503
502
502
506
510
504
503
512
507
506
502
509
506
513
507
505
502
510
502
508
503
476
506
507
508
513
508
513
511
513
513
507
507
517
508
509
483
509
514
506
514
517
513
516
513
520
517
513
513
509
508
508
492
516
515
517
516
512
515
510
507
504
511
509
505
513
509
494
506
518
519
518
511
512
508
513
511
513
511
514
510
509
515
488
506
518
518
508
509
511
514
509
514
516
517
512
513
515
481
505
510
521
509
515
516
515
510
511
506
513
509
508
514
517
495
511
510
513
509
505
508
509
513
507
509
514
509
509
504
476
503
518
509
511
507
512
505
502
507
514
503
507
507
507
505
500
518
511
511
509
518
514
509
514
511
504
508
511
513
509
472
512
512
518
517
518
514
514
513
518
514
509
508
512
512
476
493
506
504
509
515
506
512
506
509
511
505
514
515
510
512
484
504
517
510
516
516
514
509
509
513
508
513
509
509
507
478
502
516
511
509
507
508
509
506
506
510
510
513
516
513
517
491
504
511
513
513
517
510
513
506
512
509
513
513
507
506
479
501
513
512
510
509
509
512
510
513
511
510
507
503
508
518
495
508
507
514
517
512
514
516
504
508
511
516
505
507
509
476
503
515
520
512
509
512
519
511
518
510
513
513
517
520
516
502
518
516
517
518
523
519
507
512
515
513
508
511
512
510
483
507
512
504
513
511
509
508
513
511
509
514
507
512
513
487
496
509
511
518
513
514
515
511
510
508
508
513
509
513
519
481
508
509
505
512
516
510
508
506
515
502
514
522
516
511
472
499
510
506
513
510
508
506
510
518
512
509
507
508
503
500
488
506
509
509
512
515
517
512
512
514
512
506
514
508
506
473
504
513
507
512
519
518
515
511
505
507
507
507
508
502
506
493
513
511
517
505
505
505
512
503
506
502
505
506
499
504
482
502
509
511
506
511
510
516
508
509
509
512
515
509
511
518
492
508
510
511
504
514
512
507
519
509
511
518
513
511
507
476
513
506
518
506
515
517
518
508
509
512
511
514
508
511
489
494
511
511
512
506
518
509
509
506
506
512
523
523
522
512
479
508
515
514
513
520
519
520
512
519
512
510
512
512
506
473
504
517
512
515
510
507
506
514
517
507
511
510
514
503
506
481
502
507
499
507
513
513
508
512
513
504
510
516
519
510
478
499
505
511
518
512
504
504
511
508
511
501
513
508
504
509
487
505
507
508
503
512
505
508
507
512
509
515
506
513
513
481
494
508
508
507
513
505
512
512
513
514
514
513
513
507
511
495
503
505
513
503
509
515
509
514
509
511
517
505
503
508
476
506
511
513
507
506
515
507
504
513
510
510
509
503
514
500
497
514
513
506
506
506
515
516
508
507
513
509
516
525
513
490
509
516
517
508
512
510
510
510
514
511
511
508
516
511
465
500
517
505
508
516
513
510
513
513
516
514
517
507
513
507
485
518
509
512
504
515
509
515
517
513
509
507
505
508
511
474
507
514
511
517
517
513
513
513
512
513
510
515
511
506
505
487
514
515
516
517
511
517
509
516
511
511
508
507
509
507
474
499
508
516
509
515
513
512
519
517
517
505
514
516
510
515
477
503
504
507
511
510
504
502
501
503
505
512
512
512
504
477
503
513
509
509
519
512
520
517
514
513
519
514
517
518
518
508
512
516
521
509
512
515
514
510
503
512
518
512
507
507
483
499
503
512
510
506
506
516
504
506
510
508
516
506
516
473
491
511
504
503
506
510
512
507
505
508
506
512
513
509
517
476
506
508
510
512
506
508
506
499
510
510
514
515
514
511
474
496
513
518
517
505
509
507
510
507
511
515
510
517
513
505
492
508
507
506
506
507
515
513
509
510
520
511
515
524
508
474
508
512
509
512
518
521
508
509
514
505
509
509
511
504
504
490
506
508
508
509
508
510
515
510
511
506
509
512
508
510
483
512
511
517
515
517
520
514
513
510
503
512
508
509
506
512
491
508
511
516
517
512
510
509
511
508
505
514
514
519
522
489
515
508
512
506
510
504
512
512
502
509
515
507
510
500
490
496
508
507
514
505
509
519
510
508
512
518
516
502
507
508
487
511
513
510
506
505
511
507
509
508
507
502
506
515
509
471
509
511
513
506
503
516
515
509
508
512
509
499
500
510
512
494
505
517
514
518
513
516
513
508
509
509
520
508
510
503
471
498
513
514
512
508
508
511
509
515
511
510
512
508
501
506
494
508
513
506
513
517
510
518
517
514
520
509
513
520
507
481
507
507
509
519
513
509
508
506
508
510
510
516
510
508
501
502
515
516
511
509
511
507
521
514
514
509
513
511
514
513
474
500
508
509
511
506
510
512
510
509
510
520
512
506
510
485
498
509
514
524
511
512
516
520
512
508
513
513
513
508
515
480
507
509
515
524
511
511
505
504
508
513
506
507
506
516
478
496
514
515
518
510
515
516
515
515
504
509
513
508
515
513
482
506
511
509
505
503
506
513
505
513
511
511
509
512
508
476
505
517
511
508
509
510
512
506
509
522
511
512
512
509
508
492
519
517
507
504
516
517
512
510
521
515
511
517
510
506
475
510
512
508
502
504
509
507
502
506
521
506
511
505
508
502
500
509
511
501
508
510
511
507
509
514
514
508
515
510
505
480
508
520
512
508
507
513
510
511
509
508
515
524
513
505
493
500
509
504
514
517
514
514
517
505
510
501
511
512
510
507
482
501
512
511
511
508
515
517
514
510
511
514
509
511
507
472
510
506
506
510
509
508
515
512
509
509
513
514
510
507
511
479
505
510
512
509
510
509
515
508
511
516
515
515
515
517
482
510
513
514
511
516
514
515
502
507
511
514
508
510
518
511
486
512
518
517
516
515
506
511
516
511
510
507
503
504
509
475
503
505
512
511
504
512
512
509
512
510
510
509
510
507
505
490
506
506
508
511
511
513
509
510
509
513
509
512
507
503
483
506
512
510
515
514
509
519
516
520
510
514
512
519
504
494
500
512
511
510
512
510
503
511
504
510
515
511
503
509
507
489
506
512
509
506
516
521
521
512
507
511
502
507
512
506
511
495
510
515
509
510
512
515
507
512
516
512
516
516
514
514
491
512
508
515
514
508
512
507
506
503
511
513
510
507
514
475
506
506
513
507
514
512
516
516
506
506
509
510
506
506
505
492
514
513
517
516
516
515
510
521
510
514
510
508
511
507
476
505
512
512
508
517
518
513
507
508
519
516
512
506
507
511
494
508
512
508
512
518
513
513
511
512
510
517
514
518
519
487
507
506
511
508
519
517
507
512
514
511
515
506
510
514
506
494
513
504
507
505
509
514
506
509
504
508
507
507
504
499
475
509
508
511
502
512
502
512
511
514
514
512
505
509
505
469
499
505
513
518
512
514
515
515
516
508
515
522
511
513
503
486
513
508
510
514
507
505
514
509
513
515
515
510
509
502
478
503
509
515
512
512
510
508
509
510
511
505
509
508
506
511
497
511
520
510
507
508
504
511
513
509
505
508
511
512
515
473
501
515
514
508
512
513
512
512
517
518
519
511
504
514
519
497
507
515
507
508
510
506
504
510
506
515
517
511
509
510
474
508
513
511
510
516
513
512
508
508
514
516
507
504
510
514
496
511
507
517
505
518
510
508
510
509
514
514
508
511
510
478
513
510
512
516
519
516
506
507
526
513
508
510
514
511
482
501
517
511
507
513
511
512
509
515
517
512
512
518
511
510
491
517
512
508
520
511
514
507
518
510
503
511
511
507
512
469
504
511
518
508
505
512
505
512
511
510
514
512
512
509
509
480
505
516
511
510
509
509
516
513
505
504
515
510
510
504
485
514
509
515
514
510
504
517
513
502
505
509
508
511
510
508
489
507
511
511
510
507
511
510
513
506
516
518
506
510
511
472
502
503
506
510
504
507
509
505
504
510
513
506
515
508
516
502
513
506
506
519
512
509
518
515
514
508
510
505
510
508
476
512
512
508
503
513
508
511
514
520
516
508
521
523
503
484
505
517
517
507
505
514
513
510
508
507
510
508
511
506
509
482
521
513
509
512
524
509
512
508
515
516
508
511
511
504
470
500
507
511
508
515
510
513
511
511
516
509
513
512
515
508
487
509
513
513
516
509
504
507
509
523
514
512
505
510
506
478
504
514
512
513
509
507
504
513
507
504
503
511
507
518
511
490
511
509
510
506
501
507
514
502
509
508
510
511
510
507
472
500
508
507
508
510
511
517
518
514
519
515
512
514
514
513
497
512
515
506
508
505
514
505
505
511
514
510
508
513
516
478
500
509
513
506
511
517
511
509
510
514
507
508
513
512
472
498
507
511
504
510
510
506
505
506
512
507
507
508
511
510
476
506
507
516
513
515
513
510
515
515
508
516
510
515
511
478
502
520
522
510
517
518
510
515
514
508
508
510
516
509
513
490
507
508
509
511
511
517
512
517
507
510
504
511
506
507
480
503
509
511
506
507
515
512
518
512
514
509
517
509
511
508
497
513
508
513
517
516
514
514
512
515
513
512
506
507
510
473
500
513
507
513
517
509
512
510
512
510
515
518
506
509
513
499
507
512
524
512
505
511
510
512
515
518
516
513
511
511
482
516
510
511
511
512
504
510
506
513
503
505
508
507
510
483
499
508
513
510
504
502
513
503
506
502
503
505
508
516
506
477
500
517
514
507
507
515
510
515
519
519
509
513
511
509
478
505
518
514
514
513
519
514
505
515
513
504
511
509
510
506
481
510
513
510
505
512
516
508
509
511
506
508
508
511
507
472
504
513
510
512
515
512
509
506
512
512
519
514
516
506
519
493
519
516
511
515
512
510
517
512
509
511
516
514
508
511
478
507
510
514
523
513
517
509
513
506
507
511
512
508
510
509
486
507
512
511
509
518
510
516
513
507
511
515
513
507
510
478
504
505
509
512
511
512
510
505
511
511
512
513
505
507
479
496
502
511
511
508
511
520
512
510
511
507
512
507
511
508
481
501
514
513
511
510
513
522
516
509
514
506
507
509
505
470
502
508
511
509
508
514
510
509
505
508
506
507
504
505
509
476
506
514
514
509
512
509
506
511
510
507
509
509
512
502
479
499
516
514
515
503
503
508
507
503
510
505
514
515
507
508
484
515
507
507
507
517
513
512
504
508
507
516
516
511
511
488
503
512
513
519
514
522
514
510
511
510
504
511
506
510
507
492
504
509
506
509
512
517
509
512
518
515
505
503
510
499
487
499
511
513
505
515
512
513
511
507
515
512
519
512
511
517
491
506
507
513
509
511
517
520
515
517
510
514
516
508
512
488
510
515
517
506
508
511
514
513
515
511
515
508
519
512
475
494
514
517
504
501
517
511
506
512
510
511
511
513
511
505
477
509
524
508
507
514
529
513
512
507
509
508
510
504
507
477
499
513
516
510
515
519
517
521
511
518
510
512
510
504
509
486
514
511
514
515
517
507
510
509
514
513
515
509
511
508
487
512
517
512
509
517
504
503
507
513
512
515
508
518
517
505
491
511
513
516
510
515
510
508
516
512
509
512
511
506
507
480
507
509
513
511
516
514
510
508
508
511
514
510
510
514
506
500
512
510
509
512
514
507
514
515
510
504
519
512
512
509
479
503
514
503
509
505
503
508
516
508
506
517
508
507
502
472
495
512
513
511
504
512
508
517
515
508
513
506
504
509
505
481
505
506
507
508
507
515
513
509
512
513
510
514
507
508
471
505
508
510
511
510
509
515
516
507
513
510
510
509
507
508
484
499
509
505
506
516
509
507
506
509
510
507
510
513
510
479
505
510
515
511
503
509
510
508
513
516
510
512
515
517
508
495
515
517
511
510
519
514
511
507
513
512
517
508
510
510
483
510
505
507
514
511
507
509
508
509
509
508
511
504
507
511
501
517
512
511
513
507
510
509
513
509
505
508
507
505
511
487
509
508
514
516
521
513
510
522
510
507
509
510
519
509
482
501
507
507
511
505
514
516
510
507
504
513
522
518
518
502
477
506
509
510
511
510
504
510
516
509
506
507
509
515
510
469
496
514
508
508
511
510
524
518
506
512
510
501
511
509
515
484
503
505
508
505
505
509
504
512
506
510
511
506
507
512
473
498
507
519
517
514
516
518
509
506
517
514
518
522
520
515
494
513
511
508
508
509
513
510
509
512
512
512
508
513
507
475
498
515
517
513
510
521
520
518
511
503
507
511
511
510
510
493
510
514
508
512
521
517
514
513
514
504
509
509
504
508
472
502
507
512
514
514
509
510
505
513
514
509
514
519
514
476
505
516
517
517
518
513
508
517
509
509
506
512
508
512
515
488
508
513
512
509
514
509
513
509
506
514
516
511
513
502
509
498
513
508
515
510
514
513
511
516
505
507
505
503
514
512
480
508
518
517
508
513
505
510
509
509
508
512
509
511
506
470
508
516
519
510
511
516
513
515
518
507
516
511
514
506
501
497
503
511
517
507
512
517
507
518
515
510
508
516
516
504
476
508
509
506
506
505
514
507
512
515
513
511
513
509
512
515
491
519
515
506
520
516
503
502
503
509
507
509
513
504
504
488
511
523
513
512
510
509
511
512
505
505
511
514
512
509
496
500
511
514
510
510
513
509
510
517
511
513
514
511
514
507
475
510
506
509
507
508
512
517
513
504
506
504
514
509
507
471
503
503
508
504
511
510
511
516
514
510
512
514
516
510
512
491
517
521
520
516
508
510
517
507
517
513
507
507
507
505
475
499
509
512
506
509
511
511
510
515
503
517
511
506
500
506
486
502
503
512
506
509
515
514
505
504
516
507
508
511
504
477
499
509
518
514
509
510
521
513
520
517
513
510
512
512
509
502
513
514
511
514
514
511
511
507
504
504
510
513
513
508
484
504
511
518
514
514
510
514
514
517
515
514
509
512
507
488
503
516
510
517
512
509
513
510
508
505
507
510
511
504
503
480
519
514
507
509
512
507
508
509
511
508
506
504
513
505
464
496
511
510
505
514
514
511
512
509
512
510
509
510
517
508
487
508
510
514
510
515
516
508
510
509
512
512
514
502
503
475
507
515
515
520
514
511
508
512
506
505
506
506
505
509
507
479
504
514
512
511
508
507
509
514
507
512
510
506
510
511
484
514
518
513
516
514
514
520
517
508
510
517
508
510
507
505
499
505
511
504
507
508
515
507
511
513
516
512
505
517
505
476
507
509
507
506
510
519
507
508
511
521
516
512
510
511
496
499
511
518
512
508
520
514
509
508
513
516
510
509
515
511
471
502
512
511
509
509
517
518
508
515
509
510
509
511
505
472
507
514
510
510
506
514
510
509
518
509
510
516
515
512
517
491
520
515
507
509
510
513
509
506
507
514
506
517
510
510
470
499
510
509
506
517
513
509
505
518
508
499
503
503
506
504
491
505
512
512
514
511
517
511
517
508
518
510
515
508
510
479
496
508
516
517
516
511
509
510
508
514
510
514
508
511
517
498
510
508
511
512
511
505
514
505
510
513
504
504
506
507
474
501
508
507
514
506
508
506
508
508
510
512
515
511
509
505
494
509
515
513
509
508
515
511
522
512
519
514
516
516
510
475
506
511
509
507
511
520
516
510
513
513
512
517
514
507
473
501
511
509
506
509
519
514
508
504
516
509
505
502
513
507
478
507
509
516
509
514
503
521
520
512
511
510
522
517
505
479
505
511
507
512
509
502
508
508
513
515
505
512
515
510
511
491
518
512
511
519
510
507
515
516
515
506
511
515
517
510
474
506
512
510
510
508
505
509
519
510
501
504
512
507
508
512
497
503
508
512
511
509
509
511
509
508
514
516
506
510
511
481
502
502
503
510
505
504
504
504
509
506
514
516
508
505
511
496
518
513
515
509
505
504
514
507
508
513
508
512
508
508
479
501
509
514
506
510
508
517
513
516
513
514
507
507
515
466
499
506
512
507
505
509
517
507
506
513
506
517
511
512
503
486
516
522
508
513
518
508
512
503
508
514
524
512
511
504
473
500
516
515
511
509
514
515
513
508
519
512
520
515
510
505
492
519
511
517
516
511
505
514
513
513
514
513
510
514
508
478
505
517
510
506
514
510
513
511
509
505
513
508
512
507
512
506
514
507
507
516
508
508
509
518
512
507
520
522
514
515
473
509
504
508
511
504
510
510
512
512
509
514
520
512
505
504
485
506
509
512
514
509
510
512
512
512
512
516
506
507
507
481
512
511
520
511
510
504
511
504
509
509
513
510
503
507
480
504
498
506
519
512
508
511
514
510
509
510
511
507