393
377
377
390
397
407
403
418
419
436
429
431
435
416
405
412
421
428
423
430
439
443
441
451
461
457
456
458
462
457
433
475
475
474
479
492
489
481
493
491
485
492
494
506
498
497
485
500
500
499
503
505
500
515
512
506
511
511
516
513
509
484
514
516
519
517
517
514
510
515
515
518
514
523
509
505
485
505
519
511
517
518
522
521
517
515
519
513
516
512
510
512
486
506
517
519
517
513
515
516
514
508
511
509
509
507
506
469
507
513
511
518
515
517
517
506
506
509
511
507
511
505
503
489
509
515
518
506
509
507
513
509
513
525
530
513
514
510
488
508
515
518
515
513
511
512
513
513
512
520
516
511
511
515
503
510
517
513
522
515
514
514
510
503
513
510
500
506
503
478
503
510
511
506
505
512
510
508
501
503
503
509
513
507
509
494
514
511
514
517
514
512
514
510
518
513
503
507
520
511
476
513
503
504
513
515
509
507
507
511
511
508
507
509
511
484
504
513
512
503
520
518
517
515
514
507
512
507
510
507
500
485
514
520
510
517
509
509
504
510
514
513
505
502
502
499
466
491
500
506
508
503
510
515
516
508
510
507
507
510
510
506
490
511
509
513
507
514
515
511
512
508
512
514
508
506
508
479
504
513
513
512
516
518
518
509
512
512
510
521
512
506
502
494
505
508
521
511
514
515
512
510
504
513
510
517
512
513
479
507
512
513
512
514
515
516
523
518
511
521
514
511
517
511
502
522
519
518
518
516
516
511
512
519
513
507
504
507
506
481
509
511
513
505
509
511
514
520
517
511
511
513
508
508
481
503
513
510
516
513
514
512
512
517
514
510
509
513
512
507
482
511
511
521
513
516
510
516
511
507
508
506
504
513
509
477
500
513
510
515
509
514
517
513
517
518
513
511
512
507
507
486
504
509
510
512
506
508
508
509
506
504
507
507
505
512
508
496
507
513
507
501
514
507
507
498
504
507
508
508
508
514
489
507
510
511
511
502
506
509
506
506
508
515
510
505
509
474
505
517
521
523
520
515
512
516
510
516
512
512
512
508
508
500
508
509
506
507
511
512
511
514
511
511
515
508
500
499
475
504
514
509
510
509
511
508
504
518
510
510
500
505
507
480
498
522
513
507
507
514
508
506
510
511
511
512
509
508
506
480
512
518
517
523
519
518
512
513
517
516
513
512
509
505
476
508
513
515
512
509
512
510
511
518
510
517
520
518
508
508
484
509
518
515
513
507
511
507
515
504
509
509
509
503
511
476
499
506
508
511
503
505
508
511
506
499
507
510
501
511
508
490
504
517
518
514
516
512
515
508
519
512
513
511
509
511
483
514
522
520
518
511
508
510
511
512
513
512
516
517
517
514
501
510
514
510
509
509
513
517
510
513
516
509
520
509
513
484
503
502
507
503
508
507
505
507
509
509
505
510
506
512
496
494
505
515
508
506
512
507
511
505
515
515
510
507
509
510
483
509
510
511
513
511
507
504
511
517
517
516
513
525
516
468
509
517
513
508
509
512
510
510
507
506
500
507
516
507
508
490
512
510
515
515
510
513
509
510
508
508
512
508
511
505
470
503
515
513
509
508
506
501
506
508
511
506
507
506
512
503
483
511
507
506
515
505
509
510
509
507
510
515
516
511
509
483
507
508
512
512
513
512
507
507
514
506
509
512
509
504
514
493
522
508
514
512
512
513
521
512
503
504
514
505
509
508
484
509
510
513
515
518
510
513
515
505
504
511
518
508
508
492
496
503
507
514
510
509
513
509
509
510
509
510
502
511
513
479
507
506
516
512
499
512
506
510
509
515
509
507
507
512
475
498
505
512
510
505
508
507
514
511
514
513
512
516
512
516
497
517
511
513
511
513
511
512
512
513
505
515
512
506
508
478
504
511
508
510
509
521
511
516
509
512
515
512
512
506
510
498
520
512
510
516
512
508
508
511
512
511
502
513
506
507
482
497
512
517
512
512
512
518
514
502
508
509
514
502
502
507
493
513
511
509
509
510
511
508
507
510
504
514
515
513
512
488
507
511
511
519
520
518
519
517
520
514
515
509
508
508
512
503
519
521
517
507
508
516
512
515
520
509
515
506
514
513
477
507
508
508
506
499
503
504
507
510
501
508
512
510
511
469
495
502
504
511
504
514
509
505
513
509
503
505
504
508
502
482
505
519
512
517
516
522
512
512
505
512
513
514
516
505
465
503
516
515
512
519
516
510
508
509
514
506
513
516
513
510
490
507
519
524
518
518
515
504
510
509
510
513
514
519
506
479
501
520
512
511
515
506
506
511
511
511
502
515
516
497
501
482
511
507
505
513
508
505
508
509
507
511
517
514
510
508
473
509
510
508
513
512
508
504
516
507
508
512
513
505
507
515
498
507
505
505
506
508
508
514
507
510
504
510
507
507
510
483
504
514
512
512
515
518
519
510
513
520
535
517
515
512
493
503
515
508
510
507
512
513
514
507
506
512
514
512
516
514
481
518
515
513
510
508
515
515
509
504
515
515
516
515
509
480
498
508
511
510
516
517
518
516
512
510
517
522
518
515
501
488
504
508
510
517
512
514
502
508
510
505
504
505
512
513
473
507
512
510
507
502
514
508
509
508
518
512
512
515
514
507
494
512
508
508
504
515
516
522
508
520
513
515
513
510
511
472
505
518
516
511
511
511
510
507
501
502
510
504
507
503
500
497
507
511
515
520
511
513
507
510
502
509
519
514
507
506
490
504
510
515
520
514
509
507
514
506
511
508
513
511
507
509
486
507
516
516
513
507
512
510
513
506
507
511
501
501
506
481
509
512
516
511
506
510
513
519
520
513
512
510
511
505
462
502
505
502
501
507
507
508
499
508
509
508
510
508
512
511
489
507
512
509
516
511
514
512
508
509
510
507
514
513
510
480
508
518
514
509
512
517
516
515
524
515
508
515
515
517
507
493
505
507
519
517
521
519
508
512
516
511
512
511
517
510
476
504
517
507
509
505
505
508
507
513
515
506
513
510
506
508
503
515
517
515
513
518
508
505
511
512
507
508
508
508
505
481
510
512
510
515
521
520
512
520
513
512
523
518
507
512
482
495
509
508
509
508
510
509
512
513
515
514
521
515
506
505
479
501
511
512
513
524
514
508
513
513
513
521
510
505
505
495
494
510
517
516
511
511
510
511
510
506
511
516
504
509
513
493
517
509
516
511
515
516
509
510
515
513
513
505
514
508
475
504
504
515
507
510
509
513
513
503
506
511
504
503
508
508
501
507
508
511
512
512
506
511
511
510
508
511
512
511
510
475
509
516
509
511
509
519
510
510
509
507
506
510
506
505
505
493
513
510
510
509
515
514
506
507
518
517
516
518
510
510
488
510
519
515
508
514
513
503
509
512
513
516
512
513
508
479
497
510
512
517
510
504
506
506
509
510
503
507
505
498
504
478
500
509
504
507
508
505
516
516
512
506
505
511
504
510
467
500
507
511
515
513
509
507
521
510
514
515
519
519
511
514
482
505
507
509
517
510
515
512
510
514
509
515
512
504
512
471
504
509
507
514
511
512
514
509
502
508
507
506
504
508
513
490
515
509
518
508
516
525
511
510
508
517
516
506
514
512
474
503
510
508
508
512
511
506
514
508
517
510
506
519
522
513
501
518
512
516
507
512
516
512
507
518
517
505
510
516
517
481
507
511
519
512
513
509
513
517
505
505
505
510
525
509
495
497
512
511
510
516
512
507
503
503
512
514
518
515
505
511
483
504
506
511
519
513
508
511
507
514
509
513
516
513
510
476
514
519
513
514
517
506
501
507
509
508
503
513
509
508
508
489
505
510
512
519
512
518
517
508
506
503
506
508
509
508
474
502
507
504
510
510
505
521
510
514
514
507
512
507
506
508
492
508
515
523
517
507
503
506
504
510
513
509
507
504
505
470
506
515
515
514
512
520
516
516
505
510
511
511
509
506
512
494
516
517
517
520
511
514
511
513
508
524
511
504
511
509
472
506
510
507
509
507
522
507
515
507
509
509
504
506
507
475
500
507
514
517
512
514
512
503
512
510
506
511
503
506
502
473
514
521
507
507
514
518
518
512
513
510
515
509
515
510
480
500
510
514
510
510
513
516
511
513
518
506
508
517
508
511
483
510
512
518
519
518
515
504
509
506
520
517
515
509
505
470
504
514
508
507
507
510
513
512
513
511
512
507
511
507
506
488
511
511
523
514
511
510
513
516
515
518
518
509
514
515
496
509
513
514
512
502
511
513
507
513
509
516
516
514
506
514
496
505
512
520
510
505
506
511
509
509
509
511
524
506
513
473
508
508
509
514
506
510
516
513
512
507
508
509
502
505
505
500
513
526
517
506
517
516
508
518
516
512
510
511
507
511
483
503
512
508
508
508
515
508
504
512
517
522
518
512
506
471
499
514
515
506
515
508
509
507
511
507
505
507
508
511
512
485
509
513
512
512
512
505
506
509
513
515
509
505
508
502
472
506
512
513
514
522
505
504
508
514
515
518
516
515
512
503
487
515
510
516
511
509
511
511
512
506
511
516
518
510
519
475
504
515
514
513
509
508
503
511
507
505
509
522
518
505
501
498
521
518
515
509
502
505
511
510
509
506
511
507
504
496
479
504
506
504
510
514
517
521
505
507
506
511
513
506
514
512
504
509
506
509
506
510
517
520
511
508
514
512
506
514
513
480
507
508
507
509
511
510
514
506
504
508
514
513
505
508
474
503
512
512
511
507
512
513
513
509
511
509
510
506
510
509
477
504
514
507
515
519
518
521
510
509
505
509
513
512
509
480
513
519
511
515
510
511
517
518
516
515
519
519
517
506
515
483
508
515
519
513
517
510
516
513
510
507
512
511
508
503
468
501
511
506
512
510
508
510
502
510
508
511
514
512
507
503
493
512
513
512
518
515
511
509
515
507
508
501
513
508
510
475
511
514
509
510
516
509
513
512
516
516
509
512
506
508
514
492
505
517
521
513
510
511
514
512
510
511
510
508
513
511
483
507
510
511
516
511
512
509
514
503
504
514
504
511
512
472
502
510
516
506
507
506
511
512
508
508
505
504
505
499
513
484
505
508
516
515
511
517
515
512
513
513
517
509
510
519
473
519
518
512
510
510
509
508
507
501
514
512
510
513
511
507
484
512
505
507
508
514
508
505
507
514
507
508
512
515
502
471
499
519
522
511
515
514
510
507
516
515
511
507
507
503
508
494
503
506
510
509
511
507
510
525
516
511
504
505
512
503
474
506
514
513
511
516
512
515
512
513
508
506
515
510
508
508
500
505
508
519
518
514
509
513
511
505
510
511
504
510
503
473
510
509
516
511
508
508
512
515
504
512
520
511
505
508
486
509
506
518
512
509
510
509
520
516
512
523
517
521
513
518
478
520
515
514
512
510
518
513
505
517
518
510
503
508
514
467
503
504
511
508
507
513
519
515
513
506
509
508
508
513
502
478
507
512
513
508
511
509
508
508
513
512
512
527
514
510
470
507
519
515
506
509
513
508
510
508
512
509
510
511
512
505
495
523
515
511
511
518
511
518
514
514
506
507
504
515
513
478
507
514
512
503
513
514
512
505
520
506
505
504
508
505
504
494
504
514
509
511
511
508
507
518
509
511
507
512
507
502
477
506
506
506
516
517
515
512
508
508
508
510
517
510
509
505
506
507
511
510
514
515
514
515
511
515
509
515
517
511
507
490
512
510
510
513
516
512
510
509
506
504
510
514
500
500
468
496
503
514
509
514
510
512
511
509
505
506
514
506
504
505
487
514
509
513
517
519
514
513
512
506
510
507
505
504
518
473
510
510
515
513
511
509
509
513
513
512
511
512
508
510
512
490
505
522
516
514
513
525
513
512
513
516
512
510
514
503
472
500
503
507
508
515
513
514
515
519
507
507
511
517
516
515
495
513
512
507
502
509
505
512
503
509
512
511
512
507
505
485
510
509
511
519
518
517
522
526
519
514
516
516
510
510
484
491
501
502
504
508
514
513
516
510
510
500
503
505
504
514
486
509
511
509
512
509
514
507
516
508
512
512
509
508
512
481
506
508
509
505
511
505
502
515
505
508
510
515
505
509
513
484
516
518
522
509
512
515
515
512
508
517
505
512
505
503
473
509
508
519
514
512
518
523
517
507
505
509
509
513
506
504
487
506
511
508
507
512
514
506
506
516
518
504
509
518
510
476
505
520
516
514
507
514
506
507
505
512
516
509
505
510
503
491
509
513
512
516
521
516
509
513
522
509
513
515
516
514
491
517
511
509
513
513
513
509
504
509
509
521
523
520
510
481
496
512
512
515
506
510
509
509
510
508
502
515
516
510
508
477
517
516
517
517
513
509
505
511
506
511
503
513
502
501
467
499
506
504
519
511
511
512
516
518
508
508
512
509
510
506
486
506
513
507
515
509
509
512
511
517
514
511
502
517
505
481
498
504
509
509
504
506
513
512
504
517
520
509
504
508
513
493
508
515
509
506
504
505
513
506
511
512
512
513
502
514
474
508
511
512
515
515
510
515
509
504
506
509
510
510
511
510
500
510
516
519
517
515
517
510
508
510
511
509
506
508
506
470
500
513
514
506
515
511
520
511
512
513
507
508
518
509
492
500
515
515
517
512
502
501
509
513
508
510
511
508
504
500
479
507
510
517
512
512
509
511
512
513
511
507
515
510
504
479
507
512
512
511
521
516
512
517
514
510
516
517
526
517
509
480
511
508
509
516
508
510
510
509
515
505
510
516
509
503
470
507
510
507
515
511
518
512
517
513
504
510
509
505
513
507
480
505
507
514
512
507
508
505
518
506
509
511
513
510
518
483
504
512
517
512
514
511
511
513
507
510
507
514
509
509
510
490
508
510
510
510
506
515
515
512
512
506
517
512
511
520
473
502
510
512
505
512
520
515
511
502
510
504
509
507
515
477
496
506
512
506
511
512
513
510
506
509
507
504
516
514
507
473
510
518
512
508
513
516
512
508
510
501
516
511
515
507
468
504
510
506
511
510
513
512
512
509
511
511
506
513
510
513
478
519
521
506
505
523
510
510
514
515
510
506
511
511
511
475
510
513
509
506
515
505
508
506
514
509
501
504
503
504
507
487
516
507
508
516
516
518
518
524
513
511
516
516
511
507
482
509
518
513
520
518
510
507
511
511
517
509
509
509
506
508
497
506
505
514
512
509
513
511
513
507
514
510
511
509
503
478
502
511
509
511
505
502
518
510
506
512
512
512
506
505
497
504
511
520
517
513
511
515
507
510
509
518
508
517
509
517
481
510
514
509
508
516
523
507
513
514
513
513
508
507
510
484
501
507
509
513
510
514
504
507
511
513
517
510
505
517
503
478
500
505
511
510
514
510
506
514
513
502
513
515
510
514
473
510
516
513
518
531
524
528
539
557
568
564
555
570
568
569
526
522
498
459
432
386
372
354
346
326
323
331
357
387
437
451
534
580
633
680
721
750
757
767
751
745
723
678
613
556
504
440
413
376
346
339
330
340
366
377
407
454
494
520
550
569
537
567
554
527
500
478
441
432
404
397
400
402
414
434
456
488
508
573
612
649
662
675
678
670
665
646
630
593
575
539
503
439
457
439
441
447
457
467
488
503
513
532
543
550
544
534
477
488
456
431
407
389
376
371
362
365
374
399
431
463
507
553
558
623
653
677
685
693
685
658
643
623
587
550
518
497
459
407
432
425
424
430
440
462
478
493
508
527
543
548
555
551
545
505
519
496
470
444
436
422
413
415
421
429
446
458
485
490
477
532
563
581
592
600
600
600
595
594
582
573
553
530
516
498
468
476
471
474
476
481
505
501
509
514
528
535
535
536
522
474
492
478
464
450
449
433
432
436
427
437
442
454
473
497
511
510
557
578
602
606
617
619
610
597
584
569
550
531
507
486
439
464
463
462
466
481
486
506
511
517
530
530
522
522
517
488
487
488
475
463
460
451
447
440
446
452
456
467
480
495
530
525
564
587
606
595
604
597
589
566
552
539
515
504
484
479
438
462
472
480
488
499
512
518
529
540
543
547
538
544
542
529
492
503
490
471
457
451
447
431
434
438
449
458
468
490
503
482
531
560
569
584
574
576
571
567
562
547
532
529
522
510
507
483
503
507
508
512
517
515
531
526
521
514
513
511
504
494
449
479
472
465
462
467
460
464
469
473
477
490
502
517
522
532
531
551
555
556
553
552
544
542
534
518
517
515
505
504
498
470
501
503
502
513
516
518
525
528
531
531
533
529
521
511
516
494
496
489
481
472
477
469
474
467
466
471
476
486
495
506
490
526
541
554
547
545
545
542
545
532
528
524
520
511
505
471
497
515
526
522
514
531
522
530
531
532
528
522
517
515
494
466
476
481
466
459
463
461
459
460
460
475
486
487
510
513
490
535
549
558
560
561
557
544
538
532
529
523
516
514
503
496
471
498
500
503
508
523
526
532
534
529
522
529
522
519
513
473
488
496
484
475
477
462
467
463
476
482
483
499
505
508
516
516
533
543
534
539
536
525
531
522
511
498
502
499
494
498
474
501
512
519
529
535
540
546
545
547
544
537
538
519
509
465
478
476
476
461
463
460
469
474
470
476
485
499
497
510
521
495
541
546
558
546
550
539
539
536
517
515
513
501
502
496
459
488
502
505
511
511
523
525
523
526
524
533
519
516
514
504
468
499
491
488
482
480
482
488
485
493
502
507
511
527
529
492
527
530
537
530
525
525
529
520
512
509
507
503
496
501
502
491
517
518
515
526
523
537
529
528
529
531
523
514
523
507
468
494
486
482
480
478
481
480
481
486
492
501
505
509
518
519
510
534
530
533
529
531
523
527
527
529
516
507
511
505
504
476
517
517
520
522
521
517
525
522
522
516
517
507
510
500
474
485
493
488
483
489
495
489
490
504
496
509
510
519
533
520
497
524
524
524
529
523
516
514
512
504
506
506
500
499
496
462
500
507
517
524
521
526
524
532
526
524
520
526
517
512
509
469
499
501
499
499
494
485
493
494
494
495
502
506
510
508
475
511
524
525
522
518
523
527
516
520
514
508
509
510
510
508
491
516
511
512
513
516
527
521
526
517
515
513
505
501
505
468
491
492
497
502
502
499
499
492
500
504
511
514
528
530
515
508
536
530
537
522
524
520
511
515
509
508
507
503
500
499
472
503
510
514
519
518
519
531
532
533
517
513
514
510
506
497
483
494
502
494
495
497
497
500
503
512
510
509
515
511
514
476
514
515
514
511
516
504
506
504
510
504
505
508
506
507
474
513
518
521
528
526
531
529
526
523
527
519
524
511
498
497
472
499
498
498
502
496
499
501
507
507
513
517
521
517
512
523
507
520
523
523
518
514
508
506
506
497
506
506
505
512
507
479
503
521
515
521
513
521
518
511
515
511
512
507
509
510
478
500
509
506
503
509
508
514
513
514
515
513
518
516
519
511
499
512
516
512
513
500
506
500
503
508
503
502
502
499
503
476
515
526
518
518
518
523
524
524
516
516
509
506
509
505
502
494
503
494
495
509
495
506
499
506
510
506
515
510
516
508
478
505
520
515
511
509
512
505
506
509
502
515
508
516
509
478
499
510
521
519
522
519
513
512
515
508
514
510
512
501
496
471
509
505
505
508
503
509
503
524
520
515
515
511
509
515
478
509
512
515
516
510
507
500
507
506
499
507
512
503
492
500
480
517
512
514
521
515
521
520
523
514
527
526
515
511
524
486
498
510
507
508
506
505
499
508
511
507
511
521
521
513
510
496
509
522
523
515
510
510
505
505
504
510
519
508
507
509
478
508
515
525
521
518
519
518
513
515
509
509
510
503
498
504
488
509
511
515
500
503
505
508
518
510
516
515
510
520
512
491
512
513
524
513
509
510
513
509
515
509
503
504
515
508
476
500
511
517
515
519
524
510
512
511
513
516
516
514
507
507
472
507
503
504
504
505
504
506
502
507
505
509
501
508
505
472
505
519
510
517
510
514
510
499
510
507
510
503
509
508
511
482
514
520
528
524
523
515
518
514
518
520
506
510
507
509
474
496
503
504
506
502
502
505
516
510
508
511
519
513
511
512
485
512
516
519
510
512
509
509
507
506
499
513
513
511
500
483
513
512
515
512
519
516
517
518
514
517
517
503
505
503
510
492
504
510
515
511
505
514
512
513
514
516
515
508
516
519
487
506
509
515
511
511
509
507
501
502
505
504
505
507
511
489
503
518
516
518
514
517
513
514
510
516
513
515
506
503
501
482
510
507
506
504
506
508
508
504
509
506
518
507
514
504
480
507
514
508
517
518
515
514
520
513
511
513
507
510
513
515
492
521
519
518
514
513
521
509
505
513
508
509
506
507
513
478
510
507
511
508
513
509
509
505
508
509
508
515
512
515
508
487
509
512
511
512
508
502
509
514
507
502
510
506
502
501
481
509
523
515
516
519
517
515
514
518
515
507
506
509
505
510
491
503
511
515
511
518
501
512
511
513
512
518
513
515
514
476
507
510
517
510
514
507
506
501
507
514
511
507
510
511
492
503
511
511
513
510
513
516
517
510
512
509
512
514
506
506
469
503
503
510
505
508
510
514
519
515
515
510
511
514
510
475
498
515
517
511
515
515
513
513
508
505
509
508
508
511
505
476
507
511
518
515
516
509
506
513
508
513
512
506
505
510
470
503
505
511
504
516
510
509
509
513
501
504
515
507
504
504
490
506
513
514
514
512
509
507
509
513
519
513
511
513
508
474
501
509
512
519
527
520
510
517
506
506
503
513
498
504
503
496
512
510
504
500
508
514
520
509
512
510
513
506
506
513
482
510
510
516
518
521
516
512
512
509
502
505
520
514
503
503
498
513
517
514
509
515
513
513
516
511
515
514
520
515
512
489
507
511
516
521
511
519
523
512
513
514
512
512
508
509
472
496
512
508
511
511
508
504
510
510
512
503
509
510
514
504
487
512
510
516
511
504
515
510
513
511
524
512
511
514
510
465
497
514
503
505
505
514
503
505
509
518
509
512
512
515
510
492
517
507
509
506
518
507
508
513
509
506
505
503
503
503
471
511
510
512
515
510
510
506
515
512
514
507
508
506
510
508
488
512
508
521
514
508
505
509
514
510
513
507
502
503
504
480
507
506
507
513
505
504
511
508
509
510
513
515
510
507
501
505
521
518
518
520
519
517
526
519
506
509
515
505
503
511
480
507
511
511
509
516
521
520
515
509
508
520
510
502
501
480
500
508
503
507
511
506
513
508
512
510
516
515
511
510
516
477
510
512
511
512
508
520
518
504
503
510
508
506
509
507
474
510
514
518
513
517
511
510
515
515
512
514
511
500
512
509
482
513
508
506
506
507
509
518
513
513
512
515
506
508
512
476
511
514
511
511
511
510
507
512
506
504
507
508
510
502
505
495
514
508
512
507
509
510
507
509
504
511
508
511
502
499
470
511
516
512
510
517
511
509
511
519
525
517
519
513
520
514
494
514
506
513
511
510
507
514
509
505
503
511
506
518
511
486
510
518
509
515
509
514
510
509
504
513
515
511
508
512
513
497
514
510
511
511
505
514
518
512
507
507
507
502
501
519
480
508
516
512
513
508
511
515
510
513
519
508
514
508
508
471
499
508
514
509
511
510
518
511
510
511
512
510
506
507
510
484
505
521
519
511
511
518
505
505
502
516
507
506
509
510
479
511
517
521
510
511
519
520
513
508
514
506
512
508
511
507
493
511
513
507
512
510
514
513
515
511
513
514
516
520
515
483
517
518
516
514
514
513
513
508
513
511
507
506
507
506
505
493
509
512
507
515
508
510
515
518
510
514
509
505
503
504
485
510
513
505
503
509
510
515
516
514
510
504
505
507
510
473
497
515
509
516
506
510
509
513
510
502
505
514
514
507
511
483
511
520
514
514
518
512
514
513
505
502
515
504
505
506
480
510
512
516
515
514
513
517
515
514
509
517
507
507
500
502
485
510
510
506
509
507
508
510
513
508
518
511
515
512
513
468
504
509
510
509
502
508
508
508
513
513
513
518
520
523
521
499
512
516
512
513
512
512
510
511
508
507
516
509
516
508
479
507
511
506
513
513
509
501
505
508
518
510
506
514
502
506
485
505
514
510
504
518
519
518
513
512
507
507
509
512
506
481
507
514
511
514
509
506
511
509
509
511
521
512
514
512
490
512
517
520
521
521
516
518
521
508
512
516
512
517
510
515
483
506
508
519
514
510
516
508
516
506
505
502
505
514
507
472
509
515
516
511
504
506
519
510
516
509
508
511
500
506
510
483
505
505
516
515
503
502
509
509
510
505
514
514
509
508
483
510
522
522
523
521
511
514
508
522
509
516
507
513
511
507
481
509
508
509
507
499
515
509
509
503
509
514
507
510
508
475
505
508
514
517
516
511
512
507
516
516
509
508
508
508
503
485
502
508
512
505
510
513
509
514
509
511
518
507
509
504
478
502
518
519
510
505
510
513
515
517
510
515
515
511
503
485
497
507
512
509
512
517
510
512
510
506
509
514
518
516
510
478
508
511
519
518
511
513
502
510
504
506
513
515
508
512
477
498
508
512
508
507
515
513
511
508
510
507
512
512
508
509
482
509
512
515
523
514
514
513
513
508
523
522
517
510
508
492
500
509
521
519
507
510
507
507
503
507
500
505
501
502
506
485
503
512
524
515
518
519
514
510
514
521
504
502
508
503
485
499
511
509
513
509
513
515
513
514
508
515
509
509
509
504
495
495
508
510
508
510
516
507
513
513
509
511
516
508
510
479
515
521
516
519
515
515
510
510
510
517
508
508
507
507
496
496
510
513
510
512
510
516
511
510
509
504
510
508
515
507
474
508
503
507
509
524
516
507
507
510
519
509
506
510
510
472
507
515
505
515
525
516
513
506
521
514
508
513
518
510
519
488
506
509
515
513
511
504
508
517
505
503
504
510
507
508
470
510
508
508
513
518
514
519
518
510
505
504
510
509
509
513
495
510
504
509
509
516
511
515
517
508
511
514
510
514
507
487
507
508
514
520
516
512
507
517
509
504
511
515
507
503
507
500
507
507
511
510
514
510
514
508
508
514
508
507
507
506
480
512
507
513
508
510
506
512
510
509
507
512
521
508
510
495
494
502
515
510
510
513
511
517
514
506
507
507
506
508
504
487
512
516
511
507
509
510
512
510
506
514
505
512
514
511
473
513
520
517
518
515
511
512
514
516
518
509
504
516
509
502
478
506
506
505
510
510
507
504
511
513
511
509
514
506
507
469
504
519
512
507
510
510
513
509
515
511
507
512
508
512
510
485
513
515
511
514
511
510
518
513
512
506
514
512
503
511
476
513
515
509
510
515
513
515
516
507
509
509
510
510
507
508
485
511
518
518
513
518
515
521
515
515
509
511
515
519
511
485
506
507
520
511
512
515
512
511
510
505
507
504
513
499
507
488
512
514
507
506
509
517
514
518
520
518
514
501
506
507
478
510
511
519
516
520
522
518
517
509
513
510
508
500
502
469
508
510
509
505
507
513
505
508
510
517
512
505
507
504
516
484
500
510
513
511
505
512
515
502
510
506
506
510
509
513
473
506
509
513
510
522
517
508
509
519
517
516
506
504
503
502
488
522
515
516
508
515
508
510
509
512
511
516
516
507
501
475
505
516
514
511
514
515
508
513
502
507
503
509
517
512
512
492
517
514
504
510
510
510
509
515
507
500
514
504
500
504
483
508
506
509
519
514
509
513
505
516
510
510
504
514
510
513
500
512
510
517
511
514
522
521
521
503
517
510
511
515
509
483
511
510
513
514
510
510
513
509
512
508
509
508
514
509
480
497
514
516
508
515
509
511
507
506
506
506
515
506
510
511
484
513
514
520
513
510
512
512
507
506
519
510
515
513
500
465
509
515
508
512
507
503
513
518
505
515
508
506
516
511
508
489
510
514
512
511
517
516
516
516
510
513
521
513
509
503
474
510
515
512
517
513
512
511
511
519
511
514
511
514
503
508
490
499
506
502
516
518
512
508
511
503
503
509
512
508
505
468
509
517
510
511
511
508
508
505
508
511
509
519
513
515
518
495
508
518
525
521
516
520
522
509
509
510
512
505
507
502
484
509
507
514
514
512
512
511
509
511
514
514
506
517
508
483
490
509
514
514
511
504
510
508
511
512
510
506
503
516
514
483
514
506
516
511
507
514
514
509
503
510
516
507
503
509
471
506
509
509
516
518
512
514
513
515
509
508
512
512
514
507
495
509
517
514
521
516
516
513
515
513
515
513
504
517
513
481
511
509
507
508
507
512
507
509
514
514
514
510
511
508
511
490
517
507
508
509
509
509
512
519
514
504
509
511
514
516
477
507
506
508
523
519
515
524
509
504
506
505
510
510
504
504
495
513
514
505
513
518
512
527
513
514
508
502
509
514
506
484
514
516
511
511
512
504
509
504
505
505
504
503
506
502
473
500
514
507
514
504
510
512
517
506
504
512
508
507
508
507
481
512
510
515
517
521
514
513
510
512
511
516
515
508
511
474
500
509
518
513
506
510
520
513
522
519
516
514
509
513
513
480
508
511
508
513
508
509
504
506
505
505
511
514
511
506
475
503
505
513
511
505
515
506
511
509
520
503
516
502
512
505
498
524
517
518
517
514
506
515
509
521
509
510
507
510
503
475
505
516
509
513
513
511
515
520
521
510
510
508
518
509
509
493
508
511
515
507
515
512
512
509
509
511
508
507
508
509
482
507
516
511
507
509
509
508
514
511
507
502
510
505
508
485
491
510
505
511
512
512
519
508
515
512
509
518
516
517
507
482
513
515
508
509
514
518
513
508
513
514
518
517
513
520
490
502
520
515
512
503
506
508
505
511
509
509
510
511
504
509
487
505
509
515
506
505
510
507
509
516
512
518
516
512
510
466
508
508
514
505
513
513
514
518
508
515
516
510
510
518
513
488
512
516
503
508
507
511
511
510
505
505
500
515
509
505
470
503
517
513
517
513
514
514
505
522
518
511
515
513
509
512
499
510
512
509
512
522
512
516
512
505
507
507
514
505
507
480
513
509
512
506
513
501
507
504
514
504
507
518
514
507
472
501
517
515
514
512
518
506
510
517
511
510
508
513
509
511
479
517
512
509
517
514
516
511
512
507
510
512
516
510
513
468
502
501
509
508
505
510
510
514
502
506
507
513
511
511
513
489
512
515
512
518
510
511
514
518
503
512
512
512
509
511
477
506
517
510
521
514
518
519
505
514
508
514
508
512
508
519
486
511
512
511
512
517
515
508
505
509
517
514
509
507
506
474
511
512
513
505
510
510
512
514
512
511
517
510
514
510
504
493
509
508
508
507
509
508
509
515
514
512
510
514
513
514
477
504
508
514
510
506
511
512
509
509
512
513
512
520
509
517
495
510
514
510
516
517
510
512
505
508
517
501
510
505
514
476
511
512
509
511
512
514
516
511
506
502
507
506
509
508
477
503
505
511
514
504
506
508
510
510
500
511
510
509
509
505
495
505
509
514
516
511
509
515
519
517
508
512
507
509
507
484
515
506
506
512
510
505
512
517
515
506
505
512
515
507
509
494
510
509
511
509
512
505
511
515
521
513
510
518
505
503
474
503
509
511
507
510
510
515
511
509
512
517
508
514
508
510
489
509
520
508
506
511
516
514
514
507
516
511
512
517
513
478
510
519
509
514
518
520
509
511
512
514
511
509
515
505
506
497
513
512
513
510
519
510
508
512
509
522
515
518
513
505
482
506
507
509
511
517
507
510
508
521
510
506
511
512
508
466
499
506
510
509
514
512
512
514
515
511
517
514
514
506
501
478
513
519
516
519
515
510
509
512
512
508
511
521
511
503
468
501
510
510
509
519
515
507
506
508
509
507
514
510
505
498
492
507
511
509
507
505
516
514
519
503
511
519
518
506
500
478
497
510
511
515
511
515
506
508
511
511
511
522
508
509
512
498
509
507
516
509
511
510
518
507
510
512
515
516
515
517
473
500
504
512
508
518
509
511
507
510
506
513
513
518
516
507
493
508
512
510
511
513
511
507
508
505
515
515
508
511
514
485
510
516
509
504
509
506
510
505
515
519
515
510
508
518
483
493
514
518
511
506
512
505
508
517
509
508
513
509
513
511
486
512
509
516
510
509
513
513
519
510
504
511
515
518
506
472
501
511
511
508
519
504
508
504
513
507
507
510
510
509
511
481
508
517
520
513
514
504
511
513
510
514
512
513
508
506
473
507
513
513
523
512
515
510
513
516
513
510
514
513
514
507
487
510
505
510
510
508
508
512
505
515
516
511
507
509
513
479
503
499
511
509
507
508
514
509
515
509
516
513
511
505
514
504
508
512
512
510
515
510
508
507
510
516
512
506
509
509
484
507
512
518
516
514
517
517
510
515
534
520
513
513
515
482
500
506
506
504
504
510
507
508
508
510
510
510
508
519
511
481
521
516
510
514
511
509
507
504
507
508
512
506
510
506
478
508
517
505
505
505
510
511
508
510
507
507
506
511
511
508
486
512
510
507
513
514
514
515
515
516
517
513
516
512
513
480
505
508
510
509
511
508
504
508
509
510
520
510
516
510
511
493
516
514
513
512
505
509
507
512
511
510
509
511
506
505
483
506
516
506
514
508
511
512
516
510
508
507
512
503
509
514
497
511
508
509
510
507
510
515
511
522
505
518
510
512
518
483
502
507
514
508
508
516
510
513
513
512
515
510
508
517
495
507
518
519
519
511
516
510
513
504
504
506
503
499
511
503
474
509
510
511
504
509
513
506
504
509
508
510
507
516
509
463
495
512
510
515
514
516
513
510
504
511
508
514
512
512
511
488
503
514
510
510
521
510
511
512
511
505
507
510
516
506
470
499
517
523
515
523
512
504
514
515
509
509
519
511
513
506
488
515
508
507
518
516
512
504
511
509
509
516
515
511
503
474
515
512
508
520
522
510
516
514
511
507
504
518
511
511
511
507
509
511
513
520
516
511
515
511
506
513
516
507
508
507
474
505
515
520
518
519
510
512
509
515
517
517
507
517
507
489
496
503
509
516
511
514
510
506
511
514
516
516
507
507
516
483
504
501
509
509
510
507
513
517
518
509
505
510
511
517
478
503
512
511
512
510
511
513
512
514
507
505
512
518
523
510
486
521
510
510
514
511
511
517
507
508
509
509
515
508
511
477
500
510
512
509
507
511
506
505
509
509
503
500
501
505
499
483
505
509
514
510
511
510
515
513
508
511
504
507
499
507
474
506
509
509
510
514
521
509
514
520
515
519
509
518
511
509
496
507
505
504
517
508
510
515
515
504
504
507
514
507
506
489
515
513
506
508
504
515
507
507
517
507
508
509
506
509
500
500
508
508
512
504
509
514
512
504
509
506
522
518
506
503
475
508
504
515
515
521
517
523
512
511
509
524
511
511
514
479
504
507
512
515
513
521
516
519
514
515
517
509
513
508
502
480
502
509
510
509
513
512
507
508
506
512
511
511
510
519
477
503
513
512
513
514
508
511
505
507
510
512
507
508
515
508
491
513
516
517
516
509
513
517
511
513
510
511
510
512
506
474
502
508
512
515
510
519
517
510
512
512
511
506
514
522
514
492
515
517
509
506
508
515
508
510
505
510
502
509
510
505
467
496
503
511
503
511
504
498
506
523
514
510
504
513
506
512
497
502
514
508
510
508
514
513
512
511
514
516
511
515
511
484
512
511
514
514
514
515
509
510
508
503
511
509
507
507
512
485
512
508
512
521
514
511
514
506
506
506
514
510
503
507
489
505
508
515
507
515
518
513
509
508
512
512
517
508
501
466
503
512
509
512
510
509
518
513
514
507
515
510
509
511
510
493
515
513
517
512
515
521
520
510
515
514
514
508
508
505
478
512
503
506
511
516
516
506
506
504
509
503
504
505
508
507
489
510
521
514
512
515
511
509
516
513
513
515
510
513
507
474
499
503
515
523
515
511
511
500
514
513
508
519
519
505
504
505
524
524
525
519
509
511
505
515
511
515
509
515
507
507
478
502
507
509
514
513
510
505
513
513
512
507
509
508
514
472
496
504
506
511
510
506
510
513
503
510
512
524
506
513
514
484
508
510
510
505
507
506
505
507
511
509
509
504
510
508
474
512
517
517
524
507
511
510
514
510
508
513
506
513
508
509
490
514
509
512
509
515
516
513
511
512
505
505
512
513
511
470
507
510
510
505
507
510
511
508
510
509
510
510
511
515
506
492
513
518
520
513
511
510
510
516
507
514
508
505
511
506
480
507
511
511
517
521
513
511
516
510
509
509
515
513
506
505
497
521
509
512
512
508
514
511
508
505
512
514
512
508
510
487
508
504
506
506
517
509
514
513
516
518
511
508
509
511
481
498
516
513
512
514
504
504
502
514
510
508
512
514
506
508
489
518
514
509
515
517
513
515
521
515
506
510
516
512
518
480
512
515
513
516
516
507
506
512
515
512
511
505
499
504
500
477
505
508
505
502
506
511
514
514
503
507
509
506
507
502
474
502
509
514
509
514
513
517
507
507
502
516
509
503
510
509
492
508
507
511
518
509
509
506
509
506
517
512
509
511
513
489
509
519
510
512
509
513
509
509
509
518
507
509
509
505
503
496
508
510
511
511
510
510
514
505
510
510
510
513
513
502
476
518
507
508
507
514
508
508
509
515
511
505
513
511
504
475
505
506
515
511
512
516
511
512
516
515
516
511
517
513
518
490
516
518
512
511
515
506
511
507
508
506
513
515
517
508
475
500
511
511
512
515
507
521
507
507
510
506
510
514
504
510
486
511
515
510
512
506
520
510
514
516
508
503
503
505
504
474
500
512
510
518
513
515
509
514
515
507
512
519
517
510
522
489
511
511
520
513
513
514
511
515
512
515
510
505
515
506
481
510
508
511
510
514
515
509
504
508
505
504
507
507
498
508
496
511
512
516
502
510
509
507
510
507
505
508
504
506
508
483
513
512
510
506
510
514
511
516
511
511
505
504
514
514
481
495
504
516
521
518
515
510
512
520
510
511
516
510
505
511
477
515
515
518
510
513
510
509
508
512
510
508
510
512
504
475
503
511
505
505
511
508
511
509
516
514
517
521
517
504
507
484
512
507
510
507
510
511
504
517
507
503
509
515
513
514
480
515
518
529
518
516
509
508
515
514
513
506
519
508
507
515
490
503
517
516
513
511
508
511
515
509
508
526
513
509
502
473
500
499
506
513
505
508
505
510
508
507
520
513
511
507
511
501
515
509
514
509
504
511
511
509
514
519
511
510
513
514
483
510
512
515
517
520
517
519
516
513
512
512
513
508
509
503
491
504
520
507
516
508
517
513
508
505
512
511
505
517
507
480
510
510
507
506
511
522
513
511
512
515
508
513
515
512
474
499
509
511
507
510
514
514
513
501
504
506
513
507
507
500
487
519
509
515
510
509
516
510
518
509
508
506
510
516
513
471
505
506
509
515
520
505
514
513
514
515
509
507
503
514
508
496
515
517
517
518
513
510
509
507
511
508
517
512
505
502
473
505
513
505
521
511
504
511
515
511
505
514
505
510
500
508
487
507
505
511
513
518
517
517
514
514
509
517
514
511
508
482
511
506
505
507
505
509
507
508
508
510
511
508
506
507
499
498
508
507
514
510
508
509
511
512
512
517
511
511
516
518
494
510
504
506
511
507
517
516
509
507
514
516
512
505
507
474
503
513
512
509
508
509
510
513
518
525
520
519
510
512
502
482
513
507
508
507
506
509
512
508
508
507
509
505
510
508
473
505
517
520
514
514
510
508
511
509
512
507
502
504
504
513
488
507
507
512
510
513
512
503
510
512
508
512
516
507
511
475
513
510
512
501
512
514
526
512
523
518
517
524
516
509
511
491
509
511
508
510
505
508
507
508
514
509
506
507
505
506
480
509
509
512
519
503
507
507
504
514
510
511
504
505
499
514
498
505
511
517
507
509
504
520
517
513
513
519
505
509
512
484
515
515
519
510
507
513
514
503
516
519
519
517
506
512
480
501
508
514
512
510
511
518
511
514
508
508
513
511
508
514
488
519
520
518
522
514
522
514
518
515
517
509
510
513
511
464
506
510
517
521
510
506
513
505
507
504
507
508
507
510
508
490
507
509
512
511
514
506
508
511
515
514
514
515
513
509
487
506
514
518
514
512
517
515
517
511
507
511
511
506
502
506
501
508
510
517
519
513
510
506
504
502
502
500
509
502
504
472
504
504
510
511
512
514
513
514
506
507
512
510
513
502
493
496
509
506
508
504
499
504
509
510
510
506
515
518
515
504
481
507
510
507
515
510
508
511
512
511
511
512
506
507
509
488
499
508
510
509
512
510
515
512
514
509
508
510
511
509
516
489
513
510
517
516
504
508
509
508
513
508
512
509
503
509
471
502
516
521
518
510
517
509
508
508
507
503
510
512
519
514
490
523
519
520
518
516
514
515
515
511
521
512
514
518
508
484
515
509
506
507
510
511
509
509
510
510
511
505
518
508
507
492
512
507
514
508
522
511
511
512
522
508
509
507
513
508
474
514
510
505
510
519
510
502
504
504
513
512
510
512
512
509
487
516
508
525
526
509
509
508
514
510
505
505
508
508
503
483
506
513
515
517
508
506
509
512
510
506
507
512
504
505
482
496
514
515
518
509
504
508
512
514
509
514
517
516
502
508
483
505
510
514
503
508
507
513
504
513
503
517
505
510
509
470
502
510
514
511
509
512
519
510
515
511
513
515
511
513
516
487
516
515
514
515
510
515
505
512
508
509
503
508
508
506
478
503
510
516
514
512
517
520
507
506
513
513
510
506
506
504
493
502
515
512
507
511
512
512
502
514
512
503
509
517
506
474
509
515
511
513
512
516
511
512
519
514
513
518
512
505
500
493
509
506
509
513
513
511
501
511
505
509
509
516
513
508
486
506
511
511
506
514
510
513
517
512
512
506
508
516
511
466
499
508
512
516
523
517
516
511
506
503
510
513
502
502
503
480
512
513
515
512
508
504
512
513
505
509
514
515
517
520
522
495
514
513
517
506
510
510
517
507
507
512
508
514
508
505
486
506
506
518
513
515
507
515
510
515
507
516
511
506
505
473
498
508
517
516
510
507
516
510
510
507
510
514
513
508
506
494
508
515
519
514
518
511
506
513
512
508
506
512
508
505
479
516
518
514
513
508
516
514
515
512
513
508
507
507
517
512
491
508
520
517
509
517
513
506
504
505
513
509
506
507
499
475
505
505
506
505
518
507
511
506
515
506
511
514
512
507
479
499
509
511
522
521
522
511
505
513
503
513
513
512
512
516
475
511
512
516
514
520
521
517
511
505
506
508
508
506
507
470
498
512
503
506
507
510
510
517
513
506
510
519
514
516
508
492
508
503
506
505
507
510
510
507
504
506
513
514
509
513
479
508
504
508
517
508
514
512
513
513
508
510
511
513
514
517
494
519
521
518
519
518
515
516
516
522
510
507
515
514
513
479
507
517
512
523
513
506
510
513
504
513
514
511
507
503
513
496
505
514
505
504
507
508
510
513
515
511
511
510
518
507
475
515
513
510
502
507
508
511
507
513
511
509
504
513
509
476
500
514
507
509
509
512
514
513
508
512
503
510
516
510
504
472
510
506
510
516
510
503
516
503
511
503
511
507
509
511
477
505
513
508
515
516
518
509
506
513
509
506
511
516
510
510
485
513
516
512
517
512
512
517
525
513
506
519
506
505
504
472
502
512
509
513
517
510
513
513
516
508
518
508
514
510
508
488
512
512
524
519
514
511
511
509
507
512
513
511
514
513
481
509
511
514
511
511
516
520
511
507
509
507
511
511
505
500
491
509
513
511
508
521
516
512
506
508
515
513
511
510
516
484
510
510
519
512
514
518
510
510
516
511
512
510
512
511
486
501
518
513
515
505
506
510
515
505
510
509
508
508
512
517
478
500
509
516
510
518
519
506
511
510
508
516
502
516
509
469
498
508
506
518
508
510
507
504
509
509
519
508
521
509
506
476
504
508
515
514
518
508
505
502
512
506
504
508
505
506
468
507
509
510
509
519
505
509
511
513
509
503
518
519
513
517
490
511
506
512
521
509
512
510
506
506
507
512
505
506
510
479
510
504
509
510
508
518
504
513
512
511
523
526
523
506
510
497
513
508
520
510
511
516
510
512
513
511
516
514
520
517
489
513
508
527
515
507
511
509
505
515
505
503
507
503
514
494
495
504
517
513
512
515
516
513
505
508
515
511
511
505
502
472
507
512
506
504
509
511
510
508
505
520
515
516
506
502
474
497
516
511
508
510
511
511
514
508
507
510
508
512
510
512
482
507
511
513
513
517
514
508
514
511
507
516
502
514
502
477
502
507
504
510
516
510
517
510
510
506
505
504
511
510
502
481
506
509
510
504
510
506
505
515
512
511
506
520
509
510
478
509
509
518
508
502
506
515
508
509
505
513
513
515
505
503
510
518
515
515
513
524
514
520
506
509
510
518
516
511
508
479
506
520
519
515
510
507
510
508
508
508
514
508
514
507
489
498
514
508
518
506
515
509
521
504
511
515
507
514
514
510
479
508
513
521
517
503
514
514
509
513
515
513
505
508
510
476
495
510
514
514
513
518
512
510
508
515
513
504
501
510
506
484
506
513
510
507
507
516
