383
354
356
358
371
383
386
395
407
411
415
420
429
426
385
346
398
406
409
417
421
429
433
441
443
441
446
455
460
464
466
438
469
477
480
476
481
479
485
483
484
483
489
489
489
491
458
487
497
493
496
500
496
497
496
501
504
509
506
499
503
502
490
513
511
511
516
505
511
514
512
516
512
517
509
512
507
473
506
515
519
508
510
510
507
509
507
505
505
515
514
519
524
489
518
523
521
510
508
511
507
509
510
509
513
510
510
509
476
519
519
516
513
513
508
504
514
512
521
507
511
514
513
487
507
525
516
512
512
518
515
514
515
521
513
517
522
516
506
471
518
519
516
511
512
513
504
513
516
518
517
510
519
509
467
506
513
512
515
527
523
515
514
520
514
511
510
512
509
500
476
511
503
504
510
514
518
511
510
515
513
514
503
508
506
474
505
514
516
510
502
514
510
506
507
513
511
501
513
510
502
479
507
513
508
510
509
503
518
523
508
506
508
506
505
506
469
509
508
511
506
502
512
516
511
515
509
512
515
512
514
509
497
512
510
510
507
504
512
519
507
504
510
513
517
512
515
473
503
520
521
511
518
513
511
507
516
522
508
509
507
512
490
496
519
513
512
512
516
510
504
513
510
509
516
510
509
504
476
517
515
509
508
517
511
510
514
518
513
511
509
514
513
479
510
518
517
519
512
515
510
502
510
505
505
502
519
516
509
484
516
508
516
507
508
513
508
511
506
504
508
510
501
504
476
506
515
518
519
514
512
512
510
515
513
510
514
508
508
506
485
507
507
506
512
511
511
518
508
507
503
509
515
510
504
472
504
520
515
516
504
505
507
511
511
507
510
506
510
508
509
488
515
507
515
514
510
514
516
505
499
499
507
514
512
510
479
513
518
520
509
515
513
516
503
507
507
508
516
506
508
505
501
513
526
511
503
504
508
502
507
507
516
503
509
500
515
481
514
514
519
509
510
506
512
514
516
508
513
521
520
513
469
502
514
518
516
516
517
508
512
507
521
509
508
510
515
509
477
514
512
509
508
511
516
507
512
517
510
509
511
505
505
474
504
506
510
512
510
517
514
511
517
506
509
513
516
510
510
486
510
519
516
515
520
511
517
510
509
503
508
511
512
522
481
513
514
520
505
510
513
516
521
513
510
512
521
515
506
507
487
509
507
514
512
511
504
501
502
504
505
512
509
501
501
470
504
507
508
506
510
514
515
516
521
507
510
512
510
506
496
502
512
509
506
502
517
509
514
504
504
508
508
512
510
505
465
509
506
512
508
514
517
516
511
513
510
512
507
511
514
470
504
514
512
510
511
513
517
511
508
504
512
514
509
511
504
483
512
515
513
510
509
501
510
500
501
507
510
513
504
512
472
506
514
507
509
504
507
503
501
507
510
508
511
511
506
503
486
521
517
506
508
520
511
522
511
509
508
511
510
512
511
466
504
511
511
510
517
511
512
510
517
509
514
514
510
508
504
483
510
512
513
516
517
508
509
516
510
510
522
518
518
513
484
512
509
513
516
519
513
514
506
514
510
513
510
507
507
509
483
508
515
525
516
512
519
516
509
508
510
510
515
512
509
483
513
506
510
510
511
511
513
512
510
499
508
506
505
505
480
501
509
509
507
510
515
517
514
518
510
520
509
511
509
510
473
511
512
508
510
506
514
510
509
517
509
504
511
502
502
465
500
518
514
507
506
510
514
511
516
516
519
507
509
508
508
490
515
515
513
508
512
508
505
507
514
506
509
507
510
507
476
509
515
513
505
503
510
503
504
503
504
504
508
511
506
506
488
524
506
515
509
515
515
511
518
510
509
511
510
513
504
481
518
514
514
505
510
513
513
507
521
514
516
512
516
516
499
495
506
508
513
510
506
512
508
509
508
508
504
504
510
505
472
511
514
512
517
511
513
513
511
505
510
514
512
510
510
510
498
513
520
518
512
516
518
512
513
510
517
512
511
511
512
477
503
510
508
511
510
510
501
508
506
512
509
508
509
502
465
504
511
515
509
513
515
510
514
503
504
509
509
504
500
505
484
515
514
511
508
511
514
513
513
509
511
515
506
508
510
476
507
517
515
507
503
503
513
504
507
511
512
511
506
508
510
485
513
512
511
504
513
515
505
506
511
511
513
509
519
511
468
506
517
511
505
522
511
514
505
518
508
511
516
509
498
506
496
513
511
515
509
509
510
504
509
506
510
506
513
511
506
479
509
511
509
516
509
512
520
512
516
515
512
518
511
513
483
500
512
514
514
518
512
518
522
511
508
501
516
508
514
517
484
511
519
507
510
514
507
508
509
509
514
513
511
513
516
472
504
515
516
509
517
514
509
514
507
505
514
506
505
503
512
487
510
508
521
514
512
505
504
505
510
520
513
512
509
511
468
512
513
513
514
512
513
513
503
513
514
513
510
513
511
504
495
517
520
511
506
512
506
502
504
505
512
510
513
511
495
465
505
507
513
511
507
508
505
500
504
508
507
505
514
508
502
497
519
509
514
510
515
506
508
503
508
504
511
514
507
508
477
510
515
517
514
521
519
511
509
504
512
513
513
511
512
494
503
506
509
507
508
508
502
512
514
513
515
500
510
517
504
478
508
517
511
514
508
514
511
510
514
509
512
514
507
510
470
512
519
514
520
511
520
510
515
509
515
517
522
511
507
511
488
512
513
514
506
501
504
512
503
508
516
516
513
506
504
478
503
518
516
510
508
509
517
511
510
513
511
515
505
508
511
491
520
522
517
515
508
521
514
511
511
514
509
512
507
506
473
505
510
508
511
512
516
508
509
511
510
505
506
503
511
508
488
515
513
514
504
514
510
510
502
516
514
514
507
514
508
473
512
518
519
521
511
517
512
512
521
512
511
513
513
508
491
501
513
509
508
508
513
509
513
517
517
511
507
525
517
505
475
512
514
515
504
510
504
505
514
515
507
507
507
512
504
467
504
516
515
511
514
521
509
506
515
508
520
512
508
512
505
477
511
505
511
512
514
508
511
512
514
512
515
514
507
508
503
492
514
510
503
509
514
508
506
506
514
511
510
511
510
514
489
509
511
518
514
517
519
506
501
497
500
502
510
511
508
471
501
507
519
513
501
503
507
505
511
513
513
514
511
515
503
493
511
521
516
513
518
517
512
506
505
503
511
506
508
508
476
507
510
514
507
513
516
510
512
512
506
508
513
506
510
478
498
518
510
517
510
510
509
504
504
513
512
515
520
512
503
479
515
514
513
521
524
519
509
510
513
517
514
513
512
503
468
509
518
513
512
522
513
514
508
510
520
508
508
512
510
509
475
507
519
509
509
519
516
507
508
504
508
513
516
516
511
469
505
518
505
511
512
513
512
511
506
508
514
512
505
510
513
473
513
511
513
513
507
514
510
506
501
505
513
509
504
509
469
501
514
513
508
508
510
513
516
508
505
506
511
506
512
510
493
511
519
518
516
514
516
513
514
506
519
514
506
504
507
472
505
506
516
506
511
508
508
517
515
512
511
506
504
510
512
494
518
512
517
508
502
518
510
518
511
512
511
515
513
512
477
508
521
517
506
513
516
511
508
511
511
510
509
510
506
481
503
520
510
514
505
510
503
506
510
512
507
505
518
508
506
473
515
509
511
515
511
510
511
506
511
515
509
514
511
508
468
505
512
511
512
516
509
506
508
519
508
512
513
514
507
503
488
508
512
505
510
504
511
509
516
510
510
510
516
508
502
478
505
513
512
509
505
504
514
510
507
508
510
510
507
505
507
485
513
510
518
509
509
519
512
510
510
505
502
510
512
514
468
502
513
510
499
509
513
512
514
510
505
506
507
512
511
512
493
513
516
505
505
513
512
513
510
515
518
512
510
512
507
480
504
511
517
509
502
518
510
507
509
513
515
507
507
504
471
505
513
515
515
509
516
521
506
507
517
513
505
504
503
504
473
509
510
517
512
510
521
511
518
516
507
509
507
504
509
471
507
514
511
508
506
516
510
508
515
511
516
513
515
511
513
475
520
517
513
512
506
508
511
509
514
511
508
510
506
507
470
501
512
513
514
515
505
505
511
512
511
515
509
516
507
499
490
512
508
514
511
513
514
505
509
512
511
517
509
513
509
497
498
512
514
519
514
514
515
514
514
516
516
519
515
513
509
496
512
517
514
507
506
506
505
512
514
506
507
506
509
513
476
511
514
513
506
512
511
512
509
510
507
503
500
503
506
479
495
512
514
508
510
512
511
509
512
508
514
513
511
504
511
473
510
520
514
517
514
514
513
509
514
513
511
514
516
507
466
498
512
508
503
508
513
507
506
508
508
519
507
503
504
506
481
516
519
512
508
512
511
509
504
506
508
511
506
510
503
467
503
516
516
515
511
509
512
508
521
507
514
508
515
514
512
489
507
511
506
511
511
506
509
505
507
510
511
517
516
503
472
506
512
516
516
513
517
512
503
511
513
509
516
509
507
504
496
517
514
514
516
510
515
519
506
513
509
512
506
512
508
479
518
511
513
514
517
512
513
520
512
513
514
508
502
512
486
504
514
516
509
507
513
508
508
504
515
513
504
508
511
506
480
504
508
512
510
503
505
506
511
510
519
514
514
514
512
478
498
507
522
515
509
512
516
508
517
518
505
510
515
509
511
484
509
513
503
501
501
508
508
512
514
514
513
511
515
514
472
495
510
517
514
505
508
513
512
514
508
503
503
516
511
507
493
511
509
514
510
513
510
510
511
507
507
505
512
508
508
470
507
512
513
508
512
510
503
509
517
512
508
511
503
508
510
492
519
512
515
514
510
512
510
511
505
507
501
510
507
511
481
503
509
513
509
509
504
507
505
512
514
510
506
508
508
513
488
520
516
520
516
507
509
518
510
510
517
512
511
517
505
472
508
520
518
512
506
515
518
509
513
508
506
506
503
506
470
507
515
516
504
506
515
519
508
512
507
512
511
510
514
507
487
520
514
517
518
508
507
509
505
510
515
515
506
504
502
465
508
514
519
514
509
511
512
509
502
511
516
509
511
504
510
487
509
518
509
508
511
512
504
510
514
514
511
508
511
509
470
497
512
519
513
509
517
515
514
516
513
516
505
515
509
509
489
511
514
516
508
509
517
507
511
518
509
515
509
505
502
471
509
518
508
514
517
509
508
507
503
507
502
511
511
501
482
498
519
511
513
509
509
509
514
507
515
512
520
509
502
504
485
517
519
510
516
512
507
514
511
512
514
508
517
513
508
490
498
516
511
507
503
508
509
511
506
503
504
509
510
507
516
479
514
512
518
512
510
518
515
503
512
516
512
507
511
512
473
504
510
514
524
511
516
516
514
515
514
516
517
508
516
508
485
508
517
512
511
509
512
511
509
512
508
506
516
509
509
466
500
511
511
515
512
511
502
505
516
509
509
503
514
512
508
489
519
512
520
518
516
512
523
516
515
510
515
507
515
506
481
507
512
511
511
515
510
513
510
517
514
513
513
517
510
497
499
512
512
511
515
510
512
508
512
510
519
513
510
509
508
482
504
512
506
507
503
511
514
517
508
504
507
510
507
515
464
502
514
505
512
512
511
513
521
519
510
504
517
504
517
509
476
509
513
507
507
509
504
511
506
508
503
503
503
505
503
465
501
513
511
507
516
506
510
513
512
514
513
513
512
508
514
488
512
511
514
505
511
513
516
507
507
512
503
503
509
514
468
507
505
506
510
500
511
514
515
513
513
506
508
518
516
516
493
517
515
506
507
503
506
512
506
511
503
502
505
512
508
477
507
521
507
510
515
511
511
513
513
508
509
510
519
513
508
502
520
516
522
514
517
507
510
515
512
513
509
511
504
512
478
512
509
513
516
510
508
519
513
512
509
510
523
511
519
480
502
512
512
507
511
508
512
520
526
516
508
506
513
512
517
487
523
511
507
509
507
511
512
511
514
515
506
510
506
504
466
505
520
507
511
511
504
510
510
506
507
509
512
504
501
499
480
509
505
516
511
517
507
511
512
518
513
512
516
511
515
476
514
524
521
511
501
509
511
512
512
507
504
504
503
501
501
486
508
514
505
504
517
515
510
504
502
505
505
507
499
513
483
506
507
502
506
510
510
513
516
521
517
513
511
504
515
510
496
517
518
509
502
512
512
513
515
512
511
511
506
507
501
482
512
520
522
508
514
509
522
514
511
505
509
507
514
505
489
496
509
512
514
510
519
513
510
519
513
509
511
516
508
504
478
513
515
513
510
514
513
511
512
501
504
502
514
516
516
466
501
520
516
516
511
512
514
517
519
516
517
522
514
513
506
486
511
507
509
515
506
507
505
513
517
506
513
512
506
498
481
502
516
519
522
512
511
507
510
503
504
510
510
512
503
506
489
516
515
510
513
505
506
516
509
507
509
508
500
505
507
476
508
519
518
510
512
513
512
513
512
507
514
508
512
513
509
496
508
512
518
505
513
510
508
501
514
513
506
503
503
503
471
514
514
512
501
508
511
517
504
510
512
516
510
517
505
485
504
518
518
508
500
518
513
508
508
520
513
516
511
510
521
487
513
510
511
513
512
505
505
506
511
511
512
509
511
506
469
506
509
514
510
512
511
506
507
513
511
508
511
515
518
510
485
510
515
510
513
518
510
517
521
510
505
511
515
510
512
481
510
512
508
512
507
504
513
508
511
507
517
515
510
509
509
478
499
517
515
511
511
513
512
505
504
508
518
518
513
511
478
501
511
510
511
510
513
509
507
501
505
522
511
519
506
503
490
513
512
501
510
502
512
510
503
513
506
503
508
502
509
466
509
506
508
507
513
512
507
516
510
514
510
517
511
516
483
493
508
514
514
512
514
517
515
511
513
507
504
504
510
504
486
506
517
511
508
507
508
509
504
512
510
510
509
509
507
469
506
508
509
513
509
516
510
509
505
510
509
516
512
509
503
483
515
508
513
517
507
511
506
507
506
510
514
511
509
505
469
504
511
515
509
516
514
515
511
511
521
516
511
513
507
511
501
513
516
513
507
511
505
510
525
516
510
510
508
507
505
469
506
517
518
517
513
508
524
517
510
510
509
508
510
506
511
487
506
514
516
515
515
511
517
512
513
514
516
517
508
507
477
506
513
517
519
505
509
506
509
512
512
513
506
507
502
498
506
518
517
518
512
512
513
506
509
505
517
511
505
507
510
474
511
514
519
515
509
508
515
506
506
513
506
504
506
517
476
507
516
519
513
506
507
500
508
514
516
509
506
511
511
503
479
508
510
509
503
508
503
511
511
515
509
516
510
514
507
463
510
512
512
516
520
514
509
512
514
506
513
511
513
510
511
486
513
520
515
510
514
513
513
513
509
510
510
519
505
510
472
502
502
507
509
512
508
511
514
506
506
504
513
513
514
512
487
515
517
503
513
508
508
507
508
504
502
516
505
504
504
474
507
511
512
516
515
511
511
514
508
510
514
508
504
505
511
498
516
517
512
504
509
510
516
511
508
512
513
508
511
511
474
512
507
509
511
517
517
509
521
509
509
518
512
510
512
471
500
512
514
508
505
507
509
512
504
501
508
508
507
513
508
475
507
514
518
514
511
513
509
513
513
510
511
508
513
510
470
500
518
517
509
520
517
515
510
510
512
507
502
505
512
508
486
513
512
511
505
516
513
513
509
509
509
515
509
505
510
472
511
506
506
510
516
516
513
509
517
507
511
515
513
504
505
495
513
505
510
513
516
514
515
513
520
510
515
515
511
497
471
508
514
512
511
516
513
508
515
504
512
505
513
508
507
514
491
509
510
514
506
515
513
508
510
516
517
516
512
509
510
488
514
520
515
509
514
509
515
508
507
507
520
509
502
504
477
503
515
511
511
505
508
509
513
509
514
515
509
509
503
503
480
515
511
515
512
511
512
509
511
510
513
520
506
509
507
461
508
519
512
516
515
512
509
511
505
512
504
510
516
517
504
484
511
513
507
506
511
513
515
506
512
514
515
510
512
507
477
500
515
516
511
513
516
507
507
507
514
512
518
514
508
505
488
519
514
512
507
518
515
507
513
509
508
515
516
514
505
474
501
513
517
517
516
513
510
507
506
510
512
510
503
501
505
496
511
502
502
511
513
505
508
504
508
502
510
514
507
500
482
511
510
512
511
511
513
512
519
511
517
516
519
510
500
506
494
504
504
514
510
505
511
517
509
512
510
511
508
501
509
472
508
503
512
508
512
506
514
504
508
501
507
512
507
509
469
505
508
521
507
514
513
514
514
515
517
515
507
506
511
501
483
512
513
510
512
508
519
508
514
514
513
523
513
510
508
469
510
517
513
514
513
516
507
516
504
515
508
512
516
513
510
492
511
517
513
510
515
506
511
509
510
515
504
506
512
508
470
502
509
516
512
512
515
515
510
513
514
507
513
507
508
509
491
518
514
521
510
511
510
503
512
507
517
511
513
510
506
471
503
513
522
518
516
511
518
513
512
512
516
513
506
513
475
492
519
506
513
515
512
502
514
508
512
511
518
505
505
508
478
515
512
517
509
510
512
511
508
511
499
517
511
502
502
477
506
510
507
515
513
516
513
507
504
510
512
516
512
518
518
484
509
512
517
511
518
513
514
509
505
508
524
509
510
507
463
507
518
520
510
500
515
504
503
510
509
506
512
514
518
508
480
514
516
504
513
503
501
503
508
505
509
516
510
513
500
467
510
515
513
503
513
510
513
518
502
510
511
509
513
508
511
499
516
511
510
509
517
517
505
510
510
506
512
505
505
500
477
521
511
510
508
516
509
504
518
517
517
507
504
504
501
482
500
519
514
508
521
510
512
507
512
520
509
506
510
515
510
470
517
509
511
513
513
512
515
512
514
510
517
519
520
513
472
514
517
514
513
508
514
506
510
506
501
502
519
524
509
508
477
507
513
516
508
508
507
520
509
515
516
517
512
514
511
475
507
512
508
510
510
519
518
503
502
509
509
510
508
517
514
493
513
514
513
513
515
518
513
510
505
511
505
509
502
513
476
506
516
516
506
506
517
505
509
506
508
507
507
514
509
508
488
513
516
511
513
510
516
514
513
511
505
505
503
507
502
472
508
516
517
518
513
513
510
504
517
509
509
514
512
507
506
494
517
514
519
509
508
514
513
514
504
506
513
511
506
506
476
507
514
513
509
505
511
506
505
512
507
506
513
511
505
469
501
520
516
514
516
520
516
509
510
502
507
506
502
504
509
489
516
510
514
515
513
514
507
513
506
511
517
511
509
501
477
506
511
509
515
510
514
514
513
507
517
512
518
510
509
503
487
515
519
522
510
518
516
518
514
516
514
517
511
507
511
475
508
509
513
513
510
512
513
508
514
507
511
508
509
506
504
491
513
518
510
507
515
519
507
505
506
513
503
507
516
512
479
516
524
522
515
508
513
517
506
510
514
513
509
511
514
510
488
509
520
518
516
526
519
513
511
509
513
510
514
511
504
476
505
510
510
514
513
507
509
514
510
509
506
508
512
508
464
488
513
516
513
513
518
512
510
516
513
507
510
520
519
509
476
505
509
518
510
515
515
510
515
515
506
509
513
509
509
471
508
511
510
512
519
510
506
511
508
508
508
514
510
512
506
488
510
516
513
513
516
515
512
515
512
516
516
510
505
510
478
501
503
515
515
506
514
514
513
510
515
513
519
512
509
511
491
512
514
512
499
512
510
513
507
508
515
510
506
507
511
470
497
514
511
510
513
520
510
511
508
509
514
505
506
509
511
498
515
519
518
514
512
512
506
507
506
514
512
509
515
510
482
504
513
515
506
504
510
514
505
511
508
512
512
508
513
477
504
520
515
511
505
512
513
512
511
516
512
505
510
504
506
467
506
509
507
514
518
515
510
512
513
507
517
512
507
506
474
501
514
509
508
507
510
508
510
514
512
511
505
505
516
510
482
506
515
510
511
512
508
513
511
514
508
510
508
512
509
469
500
511
509
517
506
508
509
510
511
516
508
518
505
499
502
481
507
511
517
511
508
510
516
510
513
511
511
507
509
506
480
503
507
506
512
520
521
516
509
507
508
514
513
515
512
508
485
508
520
512
516
509
513
511
508
514
512
509
510
507
503
472
500
509
511
514
508
524
523
512
507
509
505
511
515
508
489
495
507
523
514
516
514
515
509
506
518
508
509
511
509
508
478
510
526
523
523
514
517
512
508
507
505
508
500
510
508
475
509
523
518
507
503
511
513
516
509
507
506
508
510
509
513
484
512
519
517
507
522
516
514
508
509
508
512
514
515
507
465
508
509
504
514
510
510
513
505
510
507
507
505
506
504
503
486
514
516
517
513
512
503
514
508
507
508
508
504
507
508
482
515
515
510
513
512
519
510
512
505
507
513
508
503
509
512
494
507
506
511
512
513
515
516
509
502
502
508
515
509
503
478
502
504
520
510
502
507
508
508
515
511
517
508
505
508
480
501
508
520
511
512
517
523
512
513
514
510
508
508
515
504
468
507
522
517
512
510
511
509
511
519
523
507
508
504
505
466
505
517
517
514
508
509
507
507
508
523
512
507
507
508
507
484
508
509
514
511
519
512
509
506
514
518
512
517
517
519
474
505
514
511
509
516
519
510
509
514
511
514
514
508
502
504
490
509
514
520
516
512
506
502
508
515
519
517
513
519
513
479
504
507
507
511
518
513
512
514
503
501
510
514
512
511
504
492
517
509
505
516
512
511
515
512
514
505
513
504
508
507
476
498
506
509
514
513
508
508
500
506
501
508
503
507
508
472
501
510
508
507
503
507
505
512
507
515
509
507
505
503
506
478
510
499
518
514
512
508
507
505
508
511
512
505
509
511
467
510
516
516
508
510
513
512
518
515
509
510
515
511
518
509
486
513
515
512
516
514
517
510
517
509
517
508
507
510
503
463
501
520
515
514
519
512
509
512
505
509
507
519
512
511
509
488
524
513
516
510
512
509
512
505
506
511
513
508
507
509
474
504
519
509
507
518
511
512
505
510
516
499
502
511
512
509
487
507
510
515
522
515
509
507
508
511
504
511
504
508
512
473
508
516
505
511
516
509
511
511
510
508
508
519
513
500
486
500
511
509
513
511
512
509
511
504
508
507
511
507
511
509
481
510
515
515
510
512
513
522
514
506
506
516
512
515
504
479
501
519
512
514
511
514
522
510
511
511
509
503
512
504
510
482
515
508
516
515
523
514
510
506
506
510
511
507
507
512
472
502
511
514
509
503
506
506
510
499
509
508
513
514
507
508
484
518
517
519
516
514
513
512
509
517
513
510
504
515
509
472
502
513
515
513
507
515
514
511
508
511
510
512
510
507
509
496
512
512
510
504
513
507
510
512
504
507
508
512
507
500
478
512
513
515
512
514
515
513
517
507
501
504
511
519
512
506
494
512
513
526
522
516
512
510
513
515
507
512
509
509
514
486
507
511
514
518
513
516
507
509
505
507
511
517
510
502
507
496
510
506
509
508
502
509
512
509
511
510
513
508
507
511
489
508
512
516
514
511
512
510
511
509
508
509
512
507
510
474
500
512
522
515
508
505
508
504
509
513
520
518
506
514
509
482
508
515
511
507
507
513
505
508
508
516
510
509
505
511
468
506
512
518
518
515
510
513
503
505
507
512
508
508
505
505
494
506
514
515
507
514
509
506
505
515
515
516
513
516
515
483
506
515
513
515
517
510
505
505
512
509
511
511
511
513
506
489
510
510
511
509
509
507
508
512
508
514
506
509
511
505
470
510
514
516
519
511
512
512
524
513
518
506
508
514
504
473
504
512
511
511
524
510
514
522
512
510
505
509
503
505
508
478
507
513
512
513
513
507
509
517
506
507
512
512
508
510
476
512
517
511
515
506
516
517
515
515
517
514
510
511
507
513
484
514
508
512
506
507
505
518
511
506
513
510
509
507
509
474
505
509
514
513
522
514
512
505
502
509
510
506
506
511
510
488
519
510
512
508
509
517
515
506
510
510
508
507
512
507
468
503
519
509
513
514
517
511
510
515
516
507
505
507
511
517
491
512
514
512
510
505
510
509
515
512
509
511
509
511
503
476
515
513
514
510
515
511
513
515
516
508
514
513
508
509
474
508
515
506
504
509
508
509
509
504
507
505
505
510
511
507
476
509
514
509
517
518
509
509
511
518
511
515
507
508
502
456
499
508
507
517
513
514
512
505
512
508
512
506
507
511
506
478
521
510
512
518
510
507
512
507
504
505
512
508
510
507
479
510
513
513
516
499
514
515
517
510
517
510
506
510
506
506
487
516
512
507
511
513
514
516
515
516
522
512
516
506
512
478
518
514
514
509
510
511
517
505
505
513
510
515
511
513
502
493
511
510
507
503
504
507
509
507
519
513
512
508
508
504
473
511
518
516
516
514
511
511
514
522
510
514
514
512
502
495
499
518
510
505
510
509
509
515
521
511
514
510
509
500
506
465
514
511
512
510
504
513
513
517
514
516
510
515
513
507
471
501
507
513
511
517
512
510
505
508
504
504
516
511
510
506
480
510
507
514
510
506
511
512
511
509
516
503
513
508
509
478
508
517
514
522
514
509
511
514
510
513
511
513
510
508
516
491
516
510
514
508
511
512
516
504
509
516
503
509
513
522
477
507
514
513
510
503
509
510
512
511
516
513
507
508
507
504
485
511
522
511
508
512
518
504
503
511
510
508
510
516
507
484
509
511
515
507
512
515
502
513
506
511
516
509
506
511
479
500
512
516
513
513
512
515
510
508
508
516
508
505
506
505
472
508
518
511
516
521
511
509
510
514
505
507
506
511
509
474
505
513
508
508
518
511
515
510
516
510
508
508
513
507
511
477
506
511
507
514
513
503
516
511
508
515
509
510
505
514
477
506
513
519
520
519
514
504
519
510
506
506
514
505
504
513
493
515
513
507
515
511
514
514
510
517
512
509
507
509
504
478
508
511
512
512
507
507
510
511
512
514
512
510
501
496
508
487
505
504
509
509
512
543
400
496
460
413
375
399
409
465
434
514
571
627
665
712
701
699
700
675
639
614
560
555
500
453
409
433
457
438
436
464
496
483
505
485
490
469
459
453
442
392
407
374
362
362
358
376
387
396
422
453
487
543
594
642
652
727
779
788
779
769
758
720
688
642
579
517
462
432
393
362
338
367
363
377
383
416
441
473
499
523
531
540
539
533
531
485
491
472
444
431
399
361
346
350
369
400
422
442
478
517
577
618
691
721
744
754
746
710
676
638
599
559
518
482
450
429
378
412
413
424
445
464
477
481
493
499
498
515
512
496
499
493
458
472
460
438
415
398
401
400
400
425
426
457
496
531
571
574
643
666
676
686
684
658
634
611
576
537
517
493
477
461
454
447
461
467
480
490
496
509
508
516
514
500
500
489
479
468
419
443
430
410
402
402
414
422
433
455
486
503
524
552
581
575
625
647
649
638
630
611
592
575
547
538
513
490
480
480
470
443
484
493
499
499
509
513
515
521
537
527
526
521
515
502
439
453
458
442
431
415
414
418
422
458
467
493
518
543
558
578
578
606
609
602
592
588
575
563
548
538
527
525
520
520
507
471
489
490
492
497
502
510
511
521
522
520
523
512
507
491
471
438
451
440
422
422
418
423
444
456
477
494
519
535
556
575
563
600
608
608
602
580
578
565
551
539
520
508
494
486
479
477
460
487
480
499
490
514
509
524
526
521
522
518
508
502
486
446
465
460
460
445
442
445
458
462
471
489
512
529
538
542
519
572
580
578
573
571
565
558
542
533
524
510
501
504
496
492
463
494
498
502
500
507
520
519
521
514
513
502
499
488
477
434
459
463
456
455
466
466
470
477
489
501
502
516
531
540
544
530
573
565
576
569
575
560
554
540
533
514
505
502
502
485
448
485
501
503
506
520
522
524
524
523
521
508
499
493
482
469
454
465
456
458
459
464
477
482
495
504
515
522
542
545
550
534
562
561
562
558
555
547
539
526
505
506
501
496
489
493
485
480
500
506
519
529
535
537
544
534
531
517
521
510
494
480
442
470
468
468
456
457
461
464
473
485
490
506
513
538
544
528
562
579
575
574
563
559
547
534
521
510
508
499
486
483
481
455
506
513
519
518
518
525
523
524
522
524
515
511
506
496
449
474
481
474
465
467
467
473
478
486
497
502
516
530
544
548
543
570
573
564
557
545
533
523
509
498
499
486
475
476
469
445
491
502
508
513
526
531
527
531
540
535
531
524
524
504
499
476
487
478
470
462
464
458
471
472
488
497
512
518
531
544
515
549
556
560
552
551
543
526
520
506
497
492
491
485
478
482
476
498
504
507
517
516
530
534
533
537
536
525
516
503
501
466
487
475
474
470
464
472
475
488
492
503
518
535
533
541
536
541
557
554
552
541
532
528
518
508
491
493
489
478
489
482
470
500
505
506
516
521
530
538
534
535
543
531
528
514
517
470
491
493
482
481
471
471
477
475
479
492
499
510
521
529
536
508
540
534
532
525
528
529
518
517
509
505
503
499
503
493
463
502
509
508
516
517
522
526
526
526
531
524
518
519
511
505
476
494
491
489
487
481
488
486
495
505
509
518
512
520
526
488
531
535
527
526
523
526
512
507
505
502
503
494
499
492
497
486
503
509
511
514
522
526
532
532
533
522
520
521
511
505
479
502
502
497
489
493
491
498
503
499
505
509
519
517
515
485
510
525
529
525
525
517
509
507
507
507
506
502
502
499
498
471
506
516
516
524
521
525
528
527
523
521
518
509
507
508
503
485
498
496
496
497
502
496
505
502
500
508
512
517
524
521
497
520
523
527
519
522
513
513
507
509
508
505
504
506
504
460
509
511
511
519
523
522
521
523
517
509
516
512
502
502
506
473
498
500
495
488
495
499
494
503
506
519
516
515
524
522
496
518
526
521
518
516
515
511
504
508
506
500
499
502
496
505
491
519
518
517
519
526
521
521
520
529
520
515
502
500
495
462
495
498
492
493
499
496
492
500
509
515
508
518
526
527
487
513
529
525
520
524
527
516
508
506
508
505
504
510
505
506
480
517
518
516
525
525
531
521
512
514
513
504
507
505
499
466
493
498
498
499
506
506
504
508
504
509
511
521
519
518
523
490
525
519
520
520
508
503
504
499
495
500
505
508
509
507
474
503
516
518
526
518
524
520
516
526
517
518
521
510
501
504
480
499
502
500
502
497
499
509
503
509
509
502
513
512
514
482
517
519
517
515
517
514
511
508
513
513
509
515
510
508
516
504
516
515
511
514
513
520
514
516
517
520
507
508
514
508
469
495
509
502
501
500
501
504
508
510
505
506
513
522
521
495
505
523
516
513
511
509
510
506
510
508
500
503
510
506
498
470
522
513
518
509
518
521
514
517
515
509
518
513
513
502
465
489
501
503
511
507
505
498
500
504
505
514
518
520
516
513
494
515
517
517
518
517
517
520
513
508
504
505
509
504
500
472
500
519
518
521
516
525
523
516
514
516
516
512
507
501
509
472
502
495
499
495
496
497
500
499
506
505
505
515
518
518
485
520
527
520
517
521
512
513
511
509
510
507
507
505
497
503
493
511
519
512
515
521
522
518
518
519
520
518
508
507
509
469
502
501
508
502
508
507
504
514
508
517
514
506
516
514
487
504
512
512
521
512
517
508
508
501
515
502
506
506
509
508
480
521
517
507
510
517
516
513
509
524
513
514
509
509
506
465
496
507
503
513
512
503
508
506
520
511
515
513
516
511
507
479
514
517
512
505
512
510
511
512
506
510
497
502
504
508
472
509
518
515
521
518
518
510
514
513
504
508
519
506
501
499
484
509
507
503
507
503
510
512
510
515
509
516
517
517
510
510
507
516
515
518
513
508
511
508
499
500
505
508
498
498
512
498
520
513
511
513
521
513
518
512
515
513
515
516
506
513
469
498
503
505
506
500
505
509
509
502
515
509
511
510
508
513
490
514
517
509
514
513
505
515
508
513
512
507
513
510
513
482
511
521
522
519
517
521
514
510
512
509
507
507
511
505
479
498
513
512
510
510
508
516
517
512
520
513
523
516
513
514
481
516
517
506
507
509
510
509
510
511
504
503
503
512
498
468
497
511
511
509
522
522
520
512
512
516
508
518
522
509
514
485
507
508
502
504
515
515
510
512
509
508
504
513
517
514
483
520
527
512
509
513
501
505
511
505
504
503
510
508
503
508
492
516
513
512
516
508
510
513
517
514
508
510
513
513
503
475
505
508
501
501
504
507
510
507
508
517
517
520
518
517
512
502
519
519
516
509
511
522
514
508
512
508
507
510
510
503
474
512
511
514
504
512
514
517
509
508
512
513
510
512
503
469
496
503
510
503
508
504
512
514
510
517
517
514
516
522
513
483
506
519
516
511
513
514
509
507
506
505
506
510
517
508
472
501
511
512
513
510
516
511
517
515
519
515
513
507
504
496
471
502
510
511
510
512
515
508
510
516
507
509
517
519
514
478
516
520
519
513
514
509
513
506
509
510
505
507
509
504
509
491
508
508
509
519
505
511
514
503
505
511
507
514
509
507
466
502
506
513
515
507
507
514
516
520
516
519
517
511
503
509
490
517
518
517
506
508
505
508
504
504
511
515
506
507
507
470
512
512
515
514
516
514
511
509
512
517
515
506
506
504
486
504
511
524
502
511
515
508
506
506
507
514
504
508
504
506
478
514
510
515
516
519
520
506
512
509
513
510
512
510
510
470
502
516
516
507
512
515
504
507
513
512
505
507
507
511
510
486
510
514
516
514
517
520
512
512
519
523
513
512
515
512
480
509
515
507
510
512
511
507
502
510
511
515
509
523
512
511
488
520
516
515
512
507
517
502
508
513
507
512
519
508
514
473
501
506
513
517
517
513
515
510
506
507
506
508
510
506
506
488
512
509
513
514
504
502
500
499
503
510
515
509
504
502
474
513
511
514
511
509
520
516
505
509
513
515
510
506
498
492
484
523
511
516
518
506
513
513
509
514
519
508
511
509
517
480
516
509
514
511
516
506
506
503
509
506
507
511
515
510
468
500
510
519
508
518
518
508
503
508
507
513
510
511
518
508
478
512
522
514
511
514
511
511
505
500
513
510
511
508
510
469
502
520
517
513
510
513
501
509
509
512
510
508
504
517
517
496
520
525
518
509
517
508
509
509
509
515
509
509
510
505
476
501
508
508
514
517
517
507
510
522
513
513
504
513
503
508
495
514
516
511
516
507
510
501
504
511
510
511
501
504
510
475
509
522
520
506
513
507
506
511
509
514
504
510
510
506
489
505
508
509
513
514
508
510
513
514
510
519
522
511
507
505
482
510
515
510
501
506
508
509
506
503
511
514
515
507
509
477
506
513
511
526
508
515
515
519
510
509
512
506
510
510
510
483
511
513
519
511
513
512
513
508
510
512
515
513
508
510
467
508
521
519
513
508
507
507
508
509
518
514
508
512
515
509
492
517
518
520
514
512
506
509
502
506
504
506
507
511
506
472
507
518
513
507
512
513
515
511
510
509
507
504
518
514
508
490
518
513
516
511
511
507
506
510
510
511
512
510
513
508
487
511
513
514
516
514
515
510
513
509
505
506
511
510
507
482
500
507
509
508
516
519
509
508
516
507
508
506
507
504
508
476
505
512
508
515
511
513
507
507
507
511
504
510
510
497
463
502
513
511
520
514
510
508
508
505
506
509
511
511
514
512
484
515
518
516
512
519
509
511
509
516
515
516
507
510
511
471
507
510
516
518
511
508
519
510
511
510
509
504
514
513
510
482
518
520
511
512
511
517
505
505
506
511
514
505
500
509
466
505
513
507
510
511
524
523
513
509
516
512
504
507
514
511
492
510
513
517
508
516
513
509
513
513
514
511
514
512
509
480
501
513
509
502
510
506
508
510
512
513
507
515
508
502
476
501
516
512
512
506
513
509
509
514
521
509
505
510
511
510
478
509
506
514
517
512
514
510
510
509
507
513
514
519
516
486
499
514
512
519
513
515
516
515
506
501
505
511
508
506
506
473
516
507
509
516
507
506
512
515
518
508
514
505
498
502
492
499
515
508
514
498
498
494
502
505
499
510
509
510
516
523
493
511
512
519
516
511
509
505
507
498
507
508
505
504
506
473
503
515
513
509
517
518
518
510
515
515
525
518
516
518
516
498
518
525
519
516
515
513
513
511
508
519
515
515
517
512
478
507
517
518
513
512
516
511
515
511
506
508
517
520
508
488
497
517
516
516
511
521
519
508
511
516
503
512
506
507
503
479
504
512
507
508
513
514
510
504
505
504
503
505
509
497
464
487
506
504
501
504
503
510
509
509
505
504
508
506
502
502
472
503
510
510
513
505
509
516
515
512
506
511
516
517
508
466
505
510
510
504
509
514
514
509
512
509
507
512
513
506
511
493
512
528
519
522
514
515
516
525
517
511
501
510
508
499
470
521
521
515
518
510
507
517
512
517
516
518
510
500
494
504
488
498
506
507
500
511
516
511
516
510
511
512
514
500
505
469
504
501
504
507
508
526
528
513
513
512
514
515
515
522
500
505
517
522
517
524
524
534
528
527
525
526
524
518
521
513
483
500
507
511
506
504
511
510
515
511
514
510
509
514
512
468
498
509
510
498
508
500
507
508
512
509
509
505
515
507
510
475
518
509
517
511
510
503
507
500
506
513
514
518
520
512
476
504
510
505
513
512
513
507
511
511
510
504
515
514
504
500
493
507
512
507
506
503
504
512
504
507
509
510
508
514
516
475
499
512
511
510
505
503
511
510
511
509
505
509
507
500
507
488
510
512
515
507
500
499
509
518
511
511
509
507
512
516
471
503
503
508
516
507
512
504
502
507
509
519
516
516
521
511
497
508
506
513
512
518
515
500
512
500
507
512
518
523
519
481
513
520
512
511
516
511
514
505
508
507
512
510
513
515
489
504
525
522
512
510
520
515
521
506
514
508
503
504
508
502
479
514
519
519
509
518
512
512
502
513
514
515
511
512
507
469
500
521
516
513
504
510
508
515
524
517
520
521
519
515
505
479
516
508
511
512
510
517
509
516
508
515
516
513
513
504
478
504
506
511
507
516
517
516
519
518
517
512
512
511
506
503
485
504
508
500
502
510
508
514
510
512
517
521
521
514
506
483
504
509
510
518
514
513
513
512
514
510
516
510
512
513
512
497
505
511
515
509
506
510
505
510
503
506
512
506
505
513
483
513
511
511
511
503
510
507
508
509
511
509
510
512
510
472
499
509
520
513
513
508
513
509
508
504
506
505
512
515
507
473
508
516
510
506
505
514
509
508
512
509
513
500
509
505
467
503
523
510
515
513
515
510
505
510
511
512
510
515
510
513
481
514
509
508
515
517
516
508
517
516
508
508
514
511
516
475
502
507
517
511
514
518
510
511
514
509
501
509
510
511
509
494
513
508
504
505
504
511
509
510
507
511
509
511
512
504
471
517
517
507
507
509
503
510
519
521
520
514
515
508
516
510
502
514
506
510
509
511
518
514
513
509
516
518
513
515
517
479
511
513
517
516
517
510
511
511
515
513
520
510
508
507
493
501
513
513
513
515
516
516
513
511
510
510
507
509
510
512
478
512
510
507
506
509
515
502
504
509
515
515
509
508
516
467
498
510
515
509
508
509
513
506
507
516
510
514
502
511
513
482
508
518
509
503
506
509
504
505
513
513
510
512
510
511
465
500
514
513
516
512
512
514
511
514
511
515
505
512
502
502
490
510
514
512
519
520
516
519
508
511
513
514
514
508
506
478
503
516
515
508
513
511
508
512
517
507
512
516
509
506
506
495
510
521
511
516
513
511
507
518
510
510
510
515
515
508
482
511
518
515
519
511
512
500
513
506
502
505
508
515
510
522
482
515
509
517
509
510
519
518
511
505
507
505
508
506
502
486
507
512
521
511
514
512
516
508
509
515
507
504
507
505
468
506
513
521
513
516
516
514
502
510
506
509
514
505
508
509
479
504
513
517
516
516
522
516
508
503
507
506
510
507
510
463
504
512
508
502
509
518
509
504
504
518
509
508
516
509
511
482
513
516
514
513
516
509
504
515
513
513
513
507
511
507
467
503
519
516
512
503
510
503
504
511
503
509
505
515
512
507
496
512
514
512
516
514
505
512
513
514
517
510
516
514
513
479
507
517
515
514
513
518
503
508
502
503
502
505
512
508
483
500
514
501
513
508
511
521
518
508
515
512
514
510
509
509
478
509
516
518
512
509
505
501
506
512
518
511
508
511
515
485
494
507
516
516
514
515
518
516
511
512
519
510
505
507
518
481
513
510
518
508
506
516
506
508
509
509
513
513
511
513
469
504
507
511
516
506
513
509
501
507
502
510
516
513
515
508
476
505
521
516
509
511
513
515
505
503
510
514
517
518
512
476
507
517
508
506
509
520
515
512
509
515
507
501
504
505
500
494
515
509
512
512
510
505
515
516
515
515
515
518
515
505
476
507
515
517
510
510
514
510
509
521
516
519
522
508
514
487
500
509
517
510
506
512
508
515
502
515
511
510
511
512
508
475
511
516
523
519
510
517
518
518
514
507
508
513
505
495
462
504
510
507
510
503
503
507
502
506
507
507
509
509
501
506
480
506
509
505
507
504
510
515
512
507
515
514
504
512
510
470
505
514
514
512
516
511
523
515
513
515
514
517
514
507
509
481
512
509
514
509
510
513
517
519
513
522
519
512
508
507
472
505
512
509
512
510
506
515
506
504
514
507
512
508
507
499
490
509
516
511
514
504
507
510
513
514
502
515
512
518
506
470
507
521
515
511
506
510
518
517
521
510
508
512
510
510
510
492
516
505
513
513
522
508
500
510
510
511
508
514
511
500
476
508
514
510
504
513
520
519
514
511
508
509
508
515
509
478
497
512
509
514
516
515
512
514
511
502
514
513
508
507
509
495
512
517
517
509
515
512
516
512
515
513
512
517
517
512
472
507
516
511
515
509
510
513
507
507
512
510
513
508
506
511
480
506
511
512
509
508
509
508
508
508
510
513
510
512
508
465
499
507
506
507
511
505
506
504
506
507
514
512
507
509
512
492
507
521
517
511
515
512
518
505
505
507
514
513
509
510
479
507
515
512
503
505
514
511
510
509
512
508
516
512
505
510
499
521
513
516
516
520
512
517
505
512
511
516
508
506
505
472
506
508
505
506
516
512
507
506
516
509
508
515
513
508
476
509
518
523
518
514
514
514
510
519
516
518
506
513
511
511
474
511
514
514
503
508
501
509
517
508
509
512
517
513
514
464
500
515
513
521
510
511
509
513
509
507
498
512
504
504
504
483
516
507
511
513
508
513
514
509
510
509
506
505
504
507
479
506
517
509
510
514
504
513
515
515
512
517
520
512
514
517
490
517
507
511
515
517
514
515
508
504
517
512
510
516
514
474
504
507
518
510
514
507
504
507
507
512
503
509
516
523
524
498
512
513
520
514
509
508
507
500
511
513
509
503
503
502
475
506
519
513
508
506
505
505
510
513
512
516
510
506
504
470
499
510
510
511
509
506
512
516
506
513
508
503
512
513
515
483
516
519
515
512
519
518
506
505
515
504
505
509
505
508
471
510
517
513
512
512
512
512
514
522
512
515
512
514
514
508
479
510
513
516
518
508
507
512
508
507
501
507
514
507
506
470
508
512
515
517
515
517
505
512
506
510
509
516
512
513
518
484
508
508
513
509
513
520
520
511
507
509
516
511
505
503
465
502
501
514
514
507
510
520
511
513
512
513
518
510
506
513
491
503
518
515
513
510
513
507
506
504
510
507
509
510
516
474
512
510
517
515
509
511
503
505
503
513
521
517
507
512
487
500
508
514
511
505
511
511
521
510
513
511
511
505
502
507
479
509
515
517
507
509
506
514
506
515
515
512
516
514
508
472
504
521
519
507
506
516
511
509
510
515
511
505
514
508
506
471
505
506
511
507
514
512
515
504
512
509
510
511
508
502
468
505
515
510
517
513
505
508
506
513
511
513
509
509
513
512
493
509
515
514
517
513
506
503
508
509
515
513
510
508
505
475
504
519
517
516
501
505
510
519
506
508
505
513
503
510
516
494
511
510
511
508
515
510
513
513
509
512
516
511
512
514
472
509
503
518
516
515
514
512
511
508
506
514
505
509
507
474
501
509
518
525
510
511
515
513
510
514
518
505
514
506
508
485
518
513
503
508
507
516
506
499
508
517
513
508
503
508
472
503
516
523
520
513
511
510
506
512
515
511
511
513
509
500
474
513
509
507
509
511
513
513
513
515
517
511
511
509
505
468
503
515
513
515
507
519
516
519
513
509
506
506
520
510
502
479
513
514
509
513
517
504
512
517
510
496
510
513
506
507
473
507
521
511
508
516
515
514
516
514
513
508
522
508
508
510
498
517
520
512
515
507
511
505
508
499
502
505
500
512
507
475
503
506
513
513
514
507
509
511
506
508
514
511
511
515
501
504
510
513
511
514
513
509
515
515
510
520
518
508
514
520
481
518
513
508
514
511
516
513
505
509
516
509
506
507
505
467
502
506
518
511
516
513
523
514
511
508
518
512
510
516
512
488
509
506
509
514
505
511
509
508
505
500
513
501
510
507
469
499
515
508
512
515
518
516
508
516
513
505
503
504
506
505
476
517
512
520
520
517
509
505
498
507
511
517
509
507
505
469
503
510
513
510
507
500
510
515
514
513
503
505
502
502
499
485
513
516
508
519
514
